# Train        Test        
    5.291909     6.197119 
    5.157107     5.474578 
    5.086146     5.420126 
    5.037800     5.331207 
    5.017795     5.031810 
    4.982992     4.667115 
    4.954213     5.686818 
    4.946520     5.674948 
    4.927636     5.050263 
    4.902317     5.170285 
    4.897544     4.597655 
    4.890416     4.490324 
    4.863697     4.991467 
    4.855189     4.878781 
    4.860701     4.620829 
    4.839290     4.994722 
    4.822090     4.988714 
    4.823174     4.865638 
    4.816498     5.159582 
    4.800729     4.332674 
    4.803545     4.845417 
    4.798124     5.013991 
    4.781015     5.360987 
    4.775363     4.529952 
    4.786325     5.047873 
    4.768377     4.418432 
    4.760989     4.694579 
    4.759572     4.053571 
    4.756571     5.249504 
    4.740070     4.461935 
    4.752674     4.614604 
    4.750948     4.444196 
    4.732625     5.236754 
    4.730988     5.038452 
    4.729936     4.590564 
    4.715568     4.274523 
    4.706134     4.679857 
    4.722087     4.851028 
    4.711681     4.289109 
    4.693178     5.626909 
    4.703617     4.999665 
    4.698987     4.766670 
    4.686398     5.165352 
    4.694112     5.010549 
    4.693582     4.667476 
    4.679856     4.474191 
    4.676806     4.759005 
    4.686772     4.607476 
    4.670702     4.335921 
    4.656441     5.146591 
    4.675317     5.778667 
    4.670470     4.429784 
    4.653563     4.677782 
    4.667014     3.542442 
    4.663942     4.353147 
    4.654194     4.729148 
    4.649310     4.352268 
    4.662801     5.005075 
    4.651884     4.500764 
    4.641866     4.588059 
    4.651589     4.280446 
    4.643253     4.417377 
    4.630650     4.537777 
    4.646098     5.259223 
    4.645571     5.275825 
    4.629982     4.698640 
    4.631339     4.149929 
    4.640437     4.536957 
    4.626250     5.037509 
    4.615650     4.575755 
    4.629999     4.543408 
    4.621752     4.127166 
    4.612047     4.561868 
    4.625765     4.786219 
    4.622126     4.578768 
    4.603986     4.340832 
    4.611312     4.504821 
    4.613215     4.922455 
    4.598215     5.347632 
    4.605069     4.653057 
    4.608528     4.812276 
    4.593093     4.742085 
    4.591608     4.472256 
    4.600798     5.071060 
    4.592853     4.739268 
    4.577416     5.337893 
    4.592484     4.397575 
    4.591901     4.398178 
    4.577071     5.197891 
    4.583924     4.588339 
    4.590170     4.047169 
    4.581633     4.223028 
    4.563901     4.215559 
    4.585917     4.345410 
    4.582872     4.412789 
    4.567588     5.461866 
    4.581706     4.370198 
    4.586810     4.051630 
    4.565778     4.377346 
    4.572332     4.226871 
    4.580146     4.728407 
    4.565913     5.304108 
    4.563606     5.103683 
    4.572860     5.034060 
    4.561072     4.457232 
    4.549018     4.171579 
    4.565682     4.732936 
    4.564358     4.366495 
    4.553230     3.902668 
    4.556406     4.553192 
    4.565236     4.086045 
    4.550158     4.240946 
    4.550839     4.752984 
    4.562265     4.644553 
    4.548644     4.350383 
    4.544884     4.803389 
    4.551453     4.544721 
    4.549193     4.884248 
    4.538827     4.327229 
    4.547453     4.994224 
    4.560684     4.204556 
    4.537057     4.562593 
    4.529866     4.713512 
    4.547468     4.857971 
    4.542403     5.353706 
    4.530668     4.706728 
    4.546867     4.923318 
    4.543077     4.322334 
    4.523456     3.985901 
    4.537417     4.375175 
    4.540044     4.866575 
    4.524772     5.004344 
    4.529476     5.396426 
    4.539502     4.493594 
    4.528700     5.495605 
    4.520878     4.670075 
    4.540080     4.560285 
    4.530234     4.846648 
    4.516426     4.561647 
    4.524356     4.596016 
    4.531342     5.120023 
    4.514534     4.492923 
    4.525282     4.514042 
    4.535186     4.420868 
    4.509403     4.293241 
    4.516619     4.515013 
    4.525870     4.525466 
    4.521284     4.348516 
    4.505953     4.248069 
    4.522494     4.007344 
    4.525005     4.370504 
    4.503122     4.606700 
    4.513722     4.577054 
    4.519490     4.367038 
    4.502555     4.723244 
    4.503753     4.462037 
    4.517829     3.910826 
    4.506865     4.974565 
    4.493197     4.929451 
    4.514412     4.916990 
    4.508881     4.754949 
    4.490848     5.015793 
    4.507956     4.956310 
    4.516055     4.733774 
    4.494494     4.501997 
    4.501109     4.409585 
    4.510268     4.378515 
    4.499924     4.712022 
    4.493718     4.472559 
    4.509037     4.319457 
    4.504341     5.559816 
    4.487669     4.131304 
    4.503742     3.804222 
    4.506533     4.775524 
    4.484876     3.722109 
    4.498240     4.468058 
    4.499882     4.805441 
    4.494154     5.112766 
    4.486480     4.711569 
    4.506278     4.109944 
    4.490492     4.354743 
    4.482895     5.021829 
    4.499560     4.144453 
    4.491719     4.790583 
    4.488218     4.772518 
    4.488896     4.682516 
    4.501076     5.495087 
    4.478241     4.683163 
    4.484998     4.148306 
    4.500375     4.768999 
    4.488528     4.765734 
    4.478170     4.851692 
    4.495391     4.908638 
    4.490321     4.480657 
    4.471984     5.175822 
    4.481939     4.355647 
    4.490894     4.370765 
    4.470982     4.808226 
    4.481699     4.452064 
    4.490559     4.699887 
    4.480736     5.785812 
    4.473040     4.701498 
    4.490137     4.702797 
    4.487239     4.565805 
    4.472955     5.145414 
    4.478510     4.481877 
    4.485006     4.162964 
    4.468332     4.609589 
    4.480416     4.154855 
    4.479258     4.884399 
    4.475221     4.650767 
    4.471396     4.137747 
    4.481301     4.327431 
    4.472590     5.634210 
    4.467609     5.090829 
    4.479762     4.589993 
    4.480781     4.528936 
    4.457711     4.288721 
    4.473949     4.522367 
    4.478762     4.683289 
    4.459769     4.320952 
    4.466488     4.420109 
    4.480848     4.080113 
    4.467101     4.305853 
    4.461844     4.946176 
    4.476870     4.195509 
    4.471592     4.729021 
    4.459032     4.562610 
    4.469291     4.229156 
    4.471908     5.161437 
    4.456162     4.499991 
    4.461051     4.248796 
    4.476101     4.385753 
    4.461982     5.038082 
    4.451776     4.167432 
    4.467959     4.755449 
    4.467321     4.602638 
    4.453887     4.960721 
    4.462677     4.476048 
    4.471297     4.113400 
    4.450455     4.501547 
    4.460343     4.504988 
    4.467991     4.244934 
    4.458259     4.715268 
    4.457332     3.937324 
    4.467466     4.327248 
    4.465797     4.632206 
    4.456970     4.456101 
    4.464236     4.764441 
    4.464716     4.755991 
    4.451637     5.019165 
    4.457525     4.263781 
    4.466908     4.226999 
    4.452790     4.893947 
    4.453908     4.291539 
    4.461796     4.559246 
    4.452146     4.200912 
    4.449159     4.462603 
    4.469089     5.031157 
    4.454083     4.901906 
    4.438176     4.829077 
    4.449421     4.930756 
    4.458470     4.570154 
    4.436516     4.345091 
    4.447600     4.073163 
    4.463403     4.267602 
    4.446754     4.556402 
    4.447929     4.715477 
    4.455694     5.223933 
    4.455529     4.066648 
    4.439408     4.606294 
    4.453488     4.466878 
    4.454782     5.524431 
    4.436711     4.318992 
    4.449237     4.230609 
    4.458536     3.627599 
    4.440554     4.364190 
    4.439032     5.009015 
    4.456741     4.243969 
    4.449230     5.019360 
    4.440963     4.540016 
    4.453254     4.437147 
    4.454971     4.239151 
    4.439940     4.340915 
    4.446458     4.387305 
    4.455914     4.454547 
    4.438925     4.759227 
    4.439925     4.536962 
    4.452503     4.786236 
    4.439667     4.520585 
    4.433477     4.629844 
    4.452695     4.275079 
    4.445435     4.267466 
    4.431461     4.323786 
    4.444047     4.341290 
    4.442520     4.212815 
    4.431760     4.351087 
    4.439584     4.425591 
    4.450773     4.152823 
    4.441150     4.056290 
    4.426616     4.159245 
    4.453512     4.437816 
    4.444705     4.249795 
    4.432197     4.207465 
    4.442224     3.903055 
    4.449587     4.222167 
    4.428962     4.912260 
    4.432364     4.747140 
    4.444361     4.716704 
    4.435339     4.749374 
    4.430772     4.624736 
    4.446656     4.889875 
    4.439812     4.304150 
    4.428313     4.012871 
    4.441880     4.047023 
    4.441035     4.662771 
    4.432371     4.480546 
    4.445346     5.154108 
    4.445830     5.245590 
    4.427861     4.937984 
    4.432734     4.372931 
    4.448851     4.233086 
    4.435906     4.714589 
    4.426918     5.151312 
    4.445244     4.816961 
    4.436852     4.103764 
    4.424156     4.373565 
    4.432105     4.738837 
    4.437562     4.197248 
    4.427702     4.164321 
    4.425199     4.101730 
    4.446557     4.096265 
    4.427387     4.903917 
    4.425464     4.609614 
    4.435378     4.732314 
    4.430470     4.539245 
    4.419545     3.948538 
    4.431118     4.223253 
    4.445440     5.133844 
    4.420155     4.113362 
    4.427929     4.849352 
    4.434993     4.664123 
    4.425756     5.019660 
    4.430146     4.495447 
    4.435806     4.212081 
    4.430485     4.467199 
    4.419049     4.465968 
    4.438372     4.028014 
    4.434312     4.702907 
    4.419084     5.340183 
    4.428624     4.577631 
    4.435554     4.740418 
    4.421348     4.482327 
    4.417630     4.525494 
    4.435863     4.026684 
    4.421135     4.455452 
    4.416454     4.265944 
    4.438454     4.655755 
    4.431391     4.462274 
    4.419237     4.526774 
    4.427332     4.367347 
    4.437393     4.130215 
    4.417295     4.414146 
    4.420273     4.908225 
    4.439049     4.553219 
    4.422079     4.241683 
    4.412075     4.066123 
    4.435773     4.262572 
    4.430716     4.640761 
    4.412597     5.081582 
    4.429060     3.702349 
    4.430530     4.858961 
    4.411153     4.190667 
    4.420758     4.463720 
    4.442311     4.434249 
    4.416217     4.396926 
    4.420330     5.009418 
    4.433522     3.819359 
    4.419598     4.271751 
    4.415463     4.161872 
    4.422980     4.280679 
    4.431832     4.806792 
    4.406895     4.748133 
    4.420812     4.365471 
    4.429302     4.720789 
    4.411812     4.612821 
    4.412208     4.377719 
    4.424106     4.204829 
    4.415177     4.015371 
    4.408172     5.007194 
    4.430973     3.489417 
    4.425704     4.795459 
    4.408302     4.593238 
    4.423483     4.405476 
    4.423979     4.158942 
    4.412003     4.942677 
    4.413040     4.697167 
    4.428271     4.552350 
    4.407347     4.696643 
    4.408866     4.638882 
    4.425833     4.748082 
    4.413392     4.446351 
    4.403608     4.399012 
    4.417643     4.196959 
    4.428123     5.794488 
    4.407821     5.015516 
    4.411142     4.247997 
    4.420282     4.386411 
    4.408120     4.811198 
    4.409957     4.200566 
    4.426065     4.352789 
    4.411677     4.778496 
    4.406913     4.542386 
    4.415359     4.355317 
    4.423224     3.893334 
    4.401864     4.698317 
    4.412361     4.045350 
    4.421624     4.662584 
    4.413744     4.497940 
    4.411736     4.164939 
    4.418694     4.057635 
    4.411369     3.906603 
    4.404167     4.809965 
    4.423523     4.435588 
    4.416551     3.669194 
    4.401875     4.636676 
    4.410159     4.414547 
    4.425440     4.351744 
    4.406052     3.986649 
    4.410424     4.083203 
    4.419748     4.394008 
    4.417311     5.013263 
    4.405140     4.749302 
    4.421993     3.948785 
    4.415576     4.522888 
    4.406056     5.344540 
    4.411253     4.518776 
    4.420486     4.631912 
    4.400878     4.394655 
    4.407925     4.010712 
    4.418198     5.047589 
    4.407290     4.238394 
    4.399938     4.899101 
    4.416442     4.468183 
    4.406294     4.471477 
    4.397565     4.635695 
    4.410192     4.637058 
    4.407040     4.310536 
    4.395240     4.344697 
    4.404155     4.762043 
    4.420767     4.838705 
    4.397656     4.996359 
    4.401213     4.289261 
    4.419187     4.122829 
    4.408607     5.542420 
    4.394842     4.324150 
    4.407228     4.267715 
    4.411738     4.253330 
    4.399708     4.754165 
    4.409398     4.468574 
    4.414209     5.572759 
    4.399972     4.056048 
    4.395274     4.339249 
    4.422202     4.844281 
    4.406055     4.165962 
    4.393628     4.355826 
    4.413721     4.530821 
    4.413542     4.647810 
    4.396390     4.444446 
    4.411667     3.957844 
    4.414708     3.953819 
    4.393020     4.384887 
    4.399921     4.222162 
    4.416406     4.324439 
    4.404017     4.763698 
    4.396830     4.344941 
    4.416587     5.099238 
    4.402098     4.609715 
    4.397057     4.667388 
    4.411236     4.164176 
    4.407764     3.849760 
    4.396489     5.036041 
    4.403594     3.819767 
    4.412134     4.153653 
    4.393359     5.814558 
    4.404505     4.307439 
    4.410649     4.190663 
    4.405263     4.266723 
    4.395833     4.961653 
    4.412295     4.170464 
    4.408129     4.358747 
    4.395719     4.476663 
    4.410325     4.410231 
    4.417274     4.342054 
    4.396237     4.510533 
    4.402431     4.695493 
    4.408057     4.233815 
    4.395454     4.966236 
    4.402510     4.947480 
    4.410410     3.995073 
