# Train        Test        
  274.437191   272.028961 
  227.870135   322.803070 
  219.105666   211.517075 
  213.125753   265.468750 
  210.293539   202.093323 
  207.349678   208.057129 
  204.950548   198.907974 
  202.726588   137.421234 
  201.257808   205.374619 
  199.466572   238.104630 
  198.139289   207.008118 
  196.638804   169.987869 
  195.675668   142.145142 
  195.022705   155.846146 
  193.985343   224.782623 
  193.707684   175.477982 
  192.061887   227.043564 
  191.797922   124.257195 
  191.678154   163.537445 
  190.192090   182.683670 
  188.655565   277.658447 
  189.014514   226.167740 
  186.485560   134.995316 
  187.228450   203.805191 
  186.730299   206.382492 
  186.174643   207.429138 
  185.000216   166.844528 
  185.182798   144.870209 
  184.320720   178.071976 
