# Train        Test        
   92.966054    95.879211 
   93.510618    99.200287 
   93.036679    97.814812 
   91.724390    90.528824 
   91.094796    91.355659 
   90.093064    83.138695 
   90.967847    93.759399 
   90.960809    89.405273 
   91.964073    91.666183 
   92.874769    96.377922 
   93.193885    95.801323 
   93.128124    84.235947 
   93.229208    89.375908 
   92.871956    95.878532 
   91.577092    97.019691 
   90.481947    91.359917 
   89.650742    98.542664 
   89.206344    86.752182 
   90.474510    87.048187 
   90.897485    91.088539 
   92.273371    87.361626 
   92.717260    92.059349 
   92.816051    92.257225 
   93.326436    79.909134 
   92.675673    92.165771 
   92.025232    91.307503 
   90.576947    92.192055 
   89.755333    88.163994 
   89.636522    94.378906 
   89.930549    87.510979 
   90.510165    95.709518 
   92.009570    91.334763 
   92.162940    96.228172 
   93.189032    88.791832 
   92.788457    91.261223 
   92.960941    87.351219 
   92.213085    97.915520 
   91.085883    95.083603 
   90.340266    94.395340 
   89.409881    87.887283 
   90.277936    95.747139 
   90.333068    91.853073 
   91.130725    98.503281 
   92.216923    99.066734 
   92.598846    96.780952 
   92.679588    86.934357 
   92.661041    98.207069 
   92.522150    84.014153 
   90.879192    84.783783 
   90.554088    85.987724 
   89.351882    92.022720 
   89.253236    92.208450 
   89.733791    78.316643 
   90.327420    88.158569 
   91.816208    89.439232 
   92.585785    90.238426 
   93.023919    98.844231 
   92.479753    97.560661 
   91.921176   102.706299 
   91.157041    94.120178 
   90.187951    95.695030 
   89.561193    92.323189 
   89.479012    90.416740 
   89.342212    94.928284 
   90.178836    83.768089 
   91.313352    84.953918 
   91.424373    85.533546 
   92.649985    91.786781 
   92.348607    88.590523 
   92.509231    89.512688 
   91.548329    91.501091 
   90.904035    95.408493 
   90.052511    89.286400 
   89.160575    85.805977 
   88.975597    81.976341 
   89.489132    89.190742 
   90.663440    92.366989 
   92.216724    93.298897 
   92.605106   100.476181 
   92.168692    93.233086 
   92.638146    88.935989 
   92.148181   106.120338 
   91.480691    79.526947 
   90.834279    89.557320 
   89.342740    90.329941 
   89.001320   100.077759 
   89.694064    91.610580 
   90.433963   101.517204 
   90.734486   102.303833 
   92.044818    90.919601 
   92.449964    99.966728 
   92.445655    89.228378 
   92.361731    92.943192 
   91.772273    94.321815 
   90.521073    98.413261 
   89.881824    90.842903 
   89.096601    92.761314 
   89.412302    90.601494 
   90.343274    90.818779 
   91.203522    81.445541 
   91.619367    91.498123 
   92.288284    90.137405 
   92.389116    93.677254 
   92.600820    76.927597 
   92.102747   104.846512 
   90.595783    89.257401 
   89.402440    92.129791 
   88.284935    83.973892 
   88.504622    83.810493 
   88.915848    93.882011 
   90.377816    93.717308 
   90.973914    89.766670 
   92.524186   101.867874 
   93.245113    94.313461 
   92.038718    98.252510 
   91.822644    98.711365 
   91.895312    97.307640 
   90.265052    90.542999 
   88.980240    89.714661 
   88.646125    83.222275 
   89.098533   102.195961 
   89.408140    96.698357 
   90.861247    94.145866 
   91.985862    91.067322 
   91.936776   101.895447 
   92.382232    96.917145 
   92.165716   105.850723 
   91.538764    92.319954 
   90.614030    86.960999 
   88.737709    88.733559 
   88.211044    83.729195 
   88.316016    79.876747 
   89.185942    94.405357 
   91.064104   101.146439 
   91.389991    95.594597 
   91.816312    94.792854 
   92.474663    99.735664 
   91.739090    95.104431 
   90.627024   103.694664 
   90.524810    96.235664 
   88.981983    83.241982 
   88.732405    85.227341 
   88.506797    89.607246 
   89.023165    90.155357 
   89.547407    89.551430 
   90.457370    94.513443 
   92.114393    96.558289 
   91.993596    94.771172 
   91.590482    86.100197 
   91.382101    83.701248 
   91.188280    94.209778 
   89.775761    93.968430 
   88.516360    88.261497 
   88.212003    84.034454 
   88.649206    86.858963 
   89.308079    89.303635 
   90.495759    93.653198 
   91.877159   108.585785 
   92.406902    95.010994 
   92.034159   105.719231 
   92.092075    93.609489 
   90.533412    92.206436 
   90.135120    93.781311 
   89.306139    88.892700 
   88.200374    83.927307 
   88.119278    91.873894 
   89.183055    75.426018 
   90.580847    84.310173 
   90.814164    92.943550 
   91.745049    91.647293 
   92.123835    95.069962 
   92.040040    81.219246 
   90.473728    90.446037 
   90.885459    89.902130 
   89.765318    96.866440 
   88.231170    80.950356 
   87.715051    93.753929 
   88.964418    91.324936 
   89.732199    87.893715 
   90.614470    92.807602 
   91.352258    92.315857 
   91.721466   102.747208 
   92.340287    86.379959 
   91.021173    89.814255 
   90.905044    99.647102 
   89.527720    89.978485 
   88.804837    86.070084 
   87.964720    97.529778 
   88.615259    82.450684 
   89.053161    90.179451 
   90.248684    97.065430 
   91.325880    85.077209 
   92.114705    98.015152 
   91.901424    91.198563 
   91.209079    93.295135 
   91.346520    77.445595 
   90.128096    91.316551 
   88.417068    95.983719 
   87.694198    85.260963 
   88.043248    81.733963 
   88.699803    79.236359 
   90.028873    86.740692 
   90.846049    94.427185 
   91.338472    94.726639 
   91.846231    87.987839 
   91.480221    92.982445 
   90.948372    88.851578 
   90.158719    92.512962 
   88.539691    79.047012 
   87.816212    95.400681 
   87.236597    94.656723 
   88.250830    91.530319 
   89.120801    92.604874 
   90.370450    98.759605 
   91.003188    85.968445 
   91.787681    94.710167 
   91.406162   104.303261 
   91.374730    92.398849 
   90.026281    92.464264 
   89.587539    96.354813 
   87.769514    81.166077 
   87.833290    78.434059 
   87.449964    91.940994 
   89.120440    86.936470 
   89.445409    85.842102 
   89.838029    85.837257 
   91.607612    89.127869 
   91.381652    98.036354 
   91.358414    96.072174 
   90.666153    88.096375 
   89.791409    83.799217 
   88.944000    99.267746 
   87.735614    77.723824 
   87.818289    91.814476 
   87.955279    81.591934 
   89.286575    95.931923 
   90.592471   101.843788 
   91.934526    96.151283 
   91.576663   104.622925 
   91.311472    95.113228 
   90.920549    88.638298 
   90.464458    84.380981 
   88.884712    79.836082 
   87.831662    88.947861 
   87.338027    73.359543 
   88.581470    88.936760 
   89.357781    95.067398 
   89.987473    83.555847 
   90.755572    90.737938 
   91.107399    84.811470 
   91.248752    94.803047 
   91.018385    91.997307 
   91.437903    89.804329 
   89.332858    85.442055 
   88.641287    82.029358 
   87.526867   100.440582 
   87.760415    86.452591 
   88.708521    87.100082 
   89.082386    88.877670 
   90.850876    88.408775 
   91.357638    93.654770 
   90.981850    86.311691 
   90.848784    76.582443 
   90.193379   111.655022 
   89.684742    85.426628 
   88.362503    88.060043 
   87.098653    88.015663 
   86.717171    90.891777 
   88.522484    90.528870 
   88.791970    87.596230 
   89.906594    87.277267 
   90.819773    90.242065 
   90.769717    95.494911 
   91.592748    89.622612 
   90.607160    91.651283 
   89.981492    82.915703 
   88.659014    85.194641 
   88.117965    83.563164 
   87.322995    73.256279 
   87.660750    78.362701 
   88.671383    86.163528 
   89.751549    83.046028 
   90.737053    89.733665 
   91.388957    92.622665 
   92.046594    90.930496 
   90.939659   106.352745 
   90.496124   106.245628 
   89.370292    90.491905 
   87.577174    92.162720 
   87.722921    82.280136 
   87.648233    84.924599 
   88.048281    88.608109 
   89.731837    85.192268 
   89.992595    91.916809 
   90.881838    90.760345 
   90.964038    90.176788 
   90.921923    83.516525 
   90.103240    83.672264 
   89.940284    93.403908 
   88.303690    86.533798 
   87.471650    89.863113 
   86.635924    93.811333 
   87.729131    82.933983 
   89.084241    85.973045 
   89.728741    88.683601 
   90.374261    88.251137 
   90.750009    88.112450 
   91.647439    99.258064 
   91.084227    98.695740 
   90.461298    92.736214 
   88.770049    88.057014 
   87.869771    86.979759 
   87.176887    73.338303 
   87.320577    84.357872 
   88.556830    79.723808 
   90.290187    89.682800 
   90.340891   103.557030 
   91.118254    88.828026 
   91.652993    91.230019 
   91.128080    87.742035 
   90.182885    95.599411 
   88.500277    91.888924 
   88.001077    90.839592 
   86.889420    78.020912 
   86.636087   102.837563 
   87.657496    80.507065 
   88.957686    91.225861 
   90.645361    88.281174 
   91.268019    92.489517 
   90.870125    83.752914 
   90.960874    90.749596 
   90.641802    86.046799 
   89.889306    92.110382 
   88.836818    89.720070 
   87.283908    90.120712 
   86.648081    93.062126 
   87.606833    79.950050 
   88.177579    93.419487 
   89.704231    97.294395 
   91.183213    96.429192 
   91.233751    91.207489 
   90.763677    84.604874 
   90.791733    95.053322 
   89.426353    78.111885 
   88.648968    83.822945 
   87.572534    87.152260 
   87.006526    92.273834 
   87.456590    99.874390 
   88.007577    97.121071 
   88.909428    98.130920 
   90.148931    92.289101 
   90.663757    94.999092 
   91.406963    99.306732 
   90.255658    94.412865 
   90.114463    66.831215 
   88.598299    81.782257 
   87.820189    90.610878 
   87.008051    84.552116 
   86.472294    83.347855 
   87.399484    99.610580 
   88.917109    90.724632 
   89.982441    89.226234 
   91.116548    95.860893 
   90.840801    92.335930 
   91.221545    97.955048 
   90.119101    82.618027 
   89.338793    93.605156 
   88.357798    84.790024 
   87.566885    79.642334 
   86.441749    84.049637 
   86.727390    80.678116 
   88.369983   100.574142 
   88.916439    95.115761 
   90.403359    95.256111 
   90.853596    74.073318 
   90.742885    86.437553 
   90.798532    94.127388 
   89.963910    82.186607 
   88.576205    92.402374 
   87.620283    93.097984 
   86.562341    80.733971 
   86.349676    90.068466 
   87.571864    86.978783 
   88.903510    88.918243 
   89.949551    91.956146 
   90.663583    89.447342 
   91.025331    89.405106 
   90.578917    87.793564 
   89.698860    84.764999 
   88.621961    80.203232 
   87.360101    76.915848 
   86.506663    89.616219 
   86.176083    90.961952 
   87.468709    83.451965 
   88.737218    89.818008 
   89.628655    87.794495 
   90.089363    87.939568 
   91.054998    91.956825 
   91.189606    91.069809 
   90.442622    93.413902 
   89.557354    88.624802 
   88.340119    89.261253 
   87.455473    87.268059 
   86.745798    93.200638 
   87.086368    80.702332 
   88.142684    84.981934 
   89.277589   102.594643 
   90.450075    87.096504 
   90.843098   103.666611 
   90.692676    96.317375 
   90.814672    88.581749 
   89.566946    98.268196 
   89.116412    88.162880 
   87.889897    93.213631 
   86.546301    90.695053 
   86.651834    87.461250 
   87.424390    82.296555 
   88.463761   100.535591 
   89.761510    87.080002 
   90.472157    85.568932 
   89.981068    90.990875 
   91.084479    88.112251 
   89.961029    85.472198 
   88.669697    85.877983 
   87.994563    94.041824 
   87.118203    86.359314 
   86.264799    81.557426 
   87.892898    85.719696 
   88.220490    91.662064 
   89.580867    87.670303 
   90.244996    94.031746 
   91.363296    93.764977 
   90.734108    96.958313 
   89.992394    94.350044 
   89.426507    92.955063 
   87.759659    92.245583 
   86.704747    92.449448 
   85.689276    84.943695 
   86.992625    79.017426 
   87.460166    85.826347 
   89.513870    98.630630 
   90.476169    80.010551 
   91.071828    98.324364 
   90.702165    85.415482 
   90.785472    89.020912 
   89.446678    92.585472 
   88.351218    87.169205 
   87.590925    79.555321 
   86.255129    78.068298 
   86.353810    80.832649 
   87.819090    95.965424 
   88.703262    86.133995 
   89.927558    86.728065 
   90.465151   101.252022 
   90.783937    85.773331 
   90.342343    92.205284 
   90.357676    80.804321 
   89.151073    87.858032 
   87.955201    93.029297 
   86.965481    93.676468 
   86.191203    86.572929 
   87.325401    93.583710 
   87.776279    82.206993 
   90.111540    80.888237 
   89.929902    95.879021 
   90.789559    87.539795 
   90.855835    93.529205 
   90.412257    98.337036 
   89.413154    79.932472 
   87.750405   101.880714 
   87.265849    83.461388 
   85.793356    76.192932 
   86.647039   101.974747 
   87.752730    86.324844 
   88.958399    92.825294 
   90.569690    80.197731 
   90.166158    90.128494 
   90.750042   106.103760 
   89.899796    90.763779 
   89.737420    82.275635 
   88.023338    76.656540 
   86.977097    78.144997 
   86.193927    85.080017 
   86.465789    88.256264 
   87.024666    85.392677 
   88.255051    84.720955 
   91.195929    96.877373 
   90.725086   101.334816 
   90.679399    91.054893 
   90.609286    87.958321 
   89.371924    80.324997 
   88.548555    89.363983 
   87.683682    89.984833 
   86.296162    81.525490 
   86.530985    84.862556 
   86.863551    84.636368 
   88.042305    91.055885 
   88.833065    83.508583 
   89.464463    98.113739 
   90.695589    82.783211 
