# Train       
389349.281250 
279622.968750 
208537.593750 
164619.859375 
132983.156250 
113775.125000 
102533.648438 
96375.179688 
94892.343750 
91921.109375 
90293.875000 
89904.765625 
89326.468750 
90453.617188 
91843.781250 
93719.101562 
94299.953125 
94779.882812 
95240.109375 
93490.390625 
93709.937500 
92530.554688 
92432.156250 
90275.601562 
89753.234375 
90178.109375 
90297.125000 
89627.679688 
88685.875000 
87988.390625 
86550.429688 
86119.601562 
86012.195312 
86006.195312 
85464.171875 
84771.093750 
84485.445312 
84202.890625 
83955.031250 
83848.343750 
83497.437500 
83932.539062 
84231.765625 
84164.843750 
83963.960938 
84048.484375 
83492.171875 
82083.968750 
81467.617188 
81770.023438 
81735.296875 
82035.640625 
81830.234375 
81989.203125 
82334.546875 
82883.960938 
82404.992188 
82069.210938 
81594.781250 
81313.140625 
81095.281250 
81267.484375 
80607.484375 
80478.531250 
80397.406250 
80657.757812 
81283.343750 
81766.703125 
81727.484375 
82350.789062 
82014.953125 
81503.671875 
81165.953125 
80847.859375 
80334.804688 
79895.664062 
80532.390625 
78619.203125 
78653.046875 
78689.945312 
79958.875000 
80116.101562 
80380.656250 
79441.562500 
78812.843750 
80055.093750 
80030.250000 
79498.914062 
79632.015625 
78825.171875 
78817.078125 
78249.156250 
78251.984375 
77044.398438 
77090.703125 
77692.625000 
78434.281250 
78220.390625 
77903.078125 
77992.210938 
78897.406250 
77615.429688 
77820.523438 
77549.054688 
77982.093750 
77359.562500 
77108.312500 
77229.976562 
77774.367188 
76939.054688 
76747.281250 
76920.554688 
75592.921875 
76189.718750 
76387.125000 
75744.062500 
76726.984375 
76695.875000 
75879.015625 
75705.656250 
75302.328125 
74358.148438 
74090.656250 
74833.906250 
74774.570312 
75277.718750 
75795.726562 
75779.968750 
75913.234375 
75828.250000 
75153.812500 
74988.703125 
74354.789062 
74741.460938 
74500.085938 
74825.367188 
75214.445312 
75539.101562 
74815.007812 
75047.781250 
74404.687500 
74239.515625 
73852.890625 
73176.234375 
73245.343750 
73105.187500 
73744.976562 
74360.500000 
74944.546875 
73589.625000 
74172.476562 
73524.296875 
73071.734375 
72587.625000 
73220.703125 
73822.242188 
75160.968750 
74997.835938 
74899.125000 
74557.718750 
74021.507812 
73168.296875 
72860.703125 
71903.804688 
71853.250000 
72045.390625 
72639.703125 
73039.968750 
73089.476562 
73081.250000 
71848.734375 
70930.296875 
70452.554688 
70993.335938 
71423.437500 
71947.609375 
71975.734375 
70988.820312 
71028.835938 
70815.234375 
71342.867188 
70687.765625 
70198.000000 
70205.476562 
70527.757812 
71065.718750 
71596.515625 
70482.046875 
70218.890625 
69611.968750 
69314.085938 
69560.984375 
69121.796875 
69406.671875 
71133.460938 
71067.859375 
71574.304688 
70693.296875 
69582.031250 
68621.984375 
68383.109375 
68879.921875 
69031.546875 
69490.156250 
69661.890625 
69458.789062 
69170.500000 
69237.375000 
69502.250000 
70077.531250 
68970.312500 
67897.875000 
67807.109375 
68750.328125 
69619.375000 
69457.484375 
68580.460938 
68747.710938 
68400.218750 
67628.187500 
66766.171875 
68084.515625 
67785.078125 
68324.187500 
68265.031250 
68692.210938 
68625.218750 
68119.859375 
67780.539062 
68210.078125 
68491.304688 
68490.671875 
67733.328125 
67923.171875 
67791.359375 
67413.156250 
67620.109375 
68058.156250 
68723.500000 
68049.445312 
66952.718750 
66711.531250 
67781.015625 
67090.546875 
67916.156250 
67189.421875 
66579.250000 
66609.898438 
67802.875000 
67192.179688 
66424.156250 
65802.546875 
66187.554688 
65194.875000 
66099.625000 
67027.304688 
67133.468750 
66344.570312 
66376.843750 
66587.437500 
65779.414062 
65110.082031 
65331.750000 
65564.679688 
65380.117188 
66001.562500 
65955.640625 
66172.914062 
66264.687500 
65834.414062 
65807.320312 
65666.218750 
65982.250000 
66373.093750 
66014.015625 
65664.914062 
65708.218750 
66246.562500 
65695.617188 
65686.640625 
65571.500000 
65200.890625 
65190.039062 
65245.007812 
65367.945312 
64873.664062 
64281.984375 
64373.710938 
64345.101562 
64034.992188 
64004.187500 
64264.167969 
64966.070312 
65342.621094 
64235.566406 
65090.964844 
65673.984375 
66473.250000 
65870.656250 
64331.671875 
64329.347656 
65246.750000 
65311.656250 
65511.820312 
66077.921875 
65043.523438 
64325.578125 
64040.343750 
63806.406250 
64197.050781 
65028.664062 
65200.656250 
64032.226562 
64208.421875 
64483.882812 
65446.460938 
64259.585938 
63519.968750 
63695.398438 
63474.738281 
63972.628906 
64149.468750 
63508.515625 
64113.550781 
63989.078125 
63819.117188 
63119.601562 
62890.718750 
62875.097656 
63708.070312 
64626.160156 
64859.992188 
63850.117188 
63888.343750 
63636.062500 
63373.972656 
64478.507812 
63887.863281 
62920.382812 
62459.480469 
63727.375000 
63532.425781 
63898.296875 
63063.812500 
62959.085938 
64075.066406 
62237.585938 
61941.648438 
62454.664062 
63516.238281 
63862.816406 
63023.367188 
63097.753906 
63358.761719 
62496.671875 
62426.531250 
62149.652344 
62412.394531 
62372.781250 
62990.000000 
62886.671875 
63213.085938 
63175.687500 
61986.250000 
62302.500000 
63033.968750 
63169.007812 
62455.410156 
62045.003906 
62644.226562 
62690.351562 
62736.695312 
62472.734375 
62554.902344 
62489.042969 
62390.351562 
62794.613281 
62009.800781 
62226.562500 
62259.000000 
61510.578125 
62083.882812 
62898.109375 
63226.804688 
62011.402344 
61920.042969 
62149.480469 
61758.437500 
62072.457031 
62427.632812 
62717.726562 
62087.796875 
61333.949219 
60364.187500 
61168.535156 
61892.773438 
62659.390625 
61672.835938 
61037.562500 
61046.195312 
61274.460938 
61277.054688 
61425.015625 
61666.453125 
62322.757812 
62037.972656 
60823.464844 
60504.031250 
60454.898438 
61744.765625 
62329.703125 
61757.207031 
61760.542969 
60726.320312 
60520.496094 
60651.539062 
61518.500000 
60600.882812 
60984.156250 
61550.546875 
62402.453125 
63111.085938 
61938.335938 
60942.859375 
61638.871094 
62640.882812 
62327.945312 
61313.273438 
60342.730469 
61143.632812 
61463.050781 
61398.679688 
60784.210938 
60103.000000 
60494.585938 
60999.355469 
62271.847656 
61773.121094 
60773.093750 
59666.867188 
60190.949219 
61477.507812 
61787.531250 
61309.031250 
61777.718750 
60902.500000 
60971.382812 
61217.609375 
61911.093750 
61095.527344 
62177.585938 
61537.402344 
61477.175781 
60640.386719 
59983.921875 
61185.531250 
61662.777344 
60621.921875 
60571.359375 
60254.078125 
60390.453125 
60329.765625 
60740.652344 
61418.699219 
61038.960938 
61387.542969 
60600.460938 
61013.480469 
60709.179688 
61241.886719 
61146.281250 
60630.093750 
60841.945312 
60217.578125 
60302.796875 
59725.382812 
60206.363281 
60034.691406 
60893.984375 
60408.472656 
61350.472656 
60967.230469 
61341.277344 
59967.027344 
61176.890625 
61653.406250 
61233.156250 
59928.730469 
58944.410156 
59625.757812 
60249.289062 
60005.585938 
59478.781250 
59782.082031 
59543.601562 
59600.937500 
59060.734375 
60193.617188 
59840.640625 
60228.140625 
60812.484375 
60034.609375 
58815.214844 
60298.066406 
60370.882812 
59785.226562 
59561.437500 
59137.132812 
60856.226562 
60229.593750 
60024.632812 
59183.695312 
59555.156250 
60164.058594 
60853.386719 
60534.617188 
59272.203125 
59480.621094 
60102.339844 
59082.128906 
59589.636719 
59368.750000 
59263.460938 
59013.882812 
58992.898438 
58128.679688 
58668.703125 
58772.996094 
58899.449219 
59339.644531 
58915.378906 
59706.132812 
58754.683594 
58298.531250 
59299.027344 
59619.972656 
59442.890625 
60191.359375 
59705.878906 
60139.335938 
59860.867188 
59169.160156 
58446.210938 
58914.878906 
59651.406250 
59719.593750 
60070.312500 
59726.710938 
60417.730469 
59965.199219 
58768.382812 
60013.085938 
59854.285156 
59322.515625 
60215.640625 
59827.949219 
59543.867188 
58840.113281 
58211.914062 
58014.531250 
59149.503906 
59481.753906 
59189.656250 
59186.500000 
58332.574219 
58426.335938 
58724.007812 
58822.265625 
59381.710938 
59087.378906 
59524.882812 
59591.000000 
59237.394531 
58662.914062 
59357.066406 
59681.539062 
59745.281250 
59495.640625 
59018.023438 
59229.132812 
58969.988281 
58472.738281 
59055.894531 
59330.125000 
59372.566406 
58870.066406 
58436.289062 
58600.902344 
58792.503906 
58745.664062 
59089.617188 
58526.023438 
58958.058594 
59167.777344 
58136.808594 
58983.109375 
58418.062500 
58776.328125 
58793.468750 
59417.117188 
59153.437500 
58020.390625 
59179.746094 
59959.148438 
59004.789062 
58528.828125 
58896.054688 
59345.531250 
59583.312500 
58110.105469 
58176.000000 
58931.144531 
58490.625000 
58718.750000 
57936.261719 
57495.554688 
57567.007812 
58944.996094 
59248.140625 
58637.875000 
58909.421875 
57845.218750 
57912.187500 
57603.906250 
57593.472656 
57654.574219 
57943.000000 
57430.886719 
58496.453125 
58415.492188 
58419.000000 
58713.875000 
58632.242188 
58370.132812 
58140.558594 
58800.367188 
58457.476562 
57544.234375 
57749.671875 
58529.453125 
58568.117188 
59553.210938 
58867.031250 
57563.726562 
57704.945312 
57532.429688 
57315.968750 
57414.902344 
58414.175781 
58690.589844 
58103.062500 
58178.167969 
57916.179688 
58304.800781 
58197.476562 
58124.281250 
57703.652344 
58157.398438 
57843.789062 
58507.781250 
57626.054688 
57861.292969 
57525.652344 
56876.875000 
57082.617188 
57650.578125 
57503.824219 
57920.386719 
57743.023438 
56910.992188 
56824.667969 
56586.046875 
57149.058594 
57155.906250 
57705.078125 
57864.660156 
57054.183594 
56648.929688 
56974.859375 
57027.320312 
57502.414062 
57362.398438 
58118.726562 
58458.800781 
58353.875000 
58076.867188 
57132.351562 
56993.027344 
57040.503906 
56694.789062 
56388.832031 
56524.871094 
56968.367188 
56864.312500 
57264.207031 
56281.410156 
56264.308594 
56647.726562 
56175.367188 
56154.265625 
57067.156250 
57405.128906 
57671.394531 
57296.804688 
57627.699219 
57526.960938 
57438.285156 
57342.378906 
56800.671875 
56547.156250 
56457.019531 
57552.984375 
57404.359375 
57314.523438 
57822.875000 
57502.570312 
56812.894531 
57307.968750 
57415.949219 
57906.875000 
58038.765625 
56492.242188 
56323.140625 
57446.609375 
57109.281250 
56731.531250 
57121.500000 
56937.625000 
57621.773438 
58521.597656 
57738.953125 
57838.125000 
58323.281250 
57642.593750 
58268.187500 
59000.085938 
56861.992188 
56432.761719 
56530.925781 
57507.539062 
57997.308594 
57783.914062 
56989.121094 
56601.562500 
57548.515625 
56881.109375 
56798.601562 
56689.437500 
56994.394531 
57304.585938 
56944.171875 
55558.777344 
56553.289062 
56594.710938 
56362.328125 
57420.390625 
57584.320312 
57174.765625 
56679.804688 
56735.273438 
57248.203125 
57161.429688 
56038.082031 
56077.281250 
55916.968750 
56315.960938 
56012.863281 
56297.113281 
56574.597656 
56543.382812 
57038.140625 
56464.949219 
56118.312500 
56356.031250 
56618.394531 
56751.226562 
56640.566406 
57246.906250 
56778.382812 
55990.601562 
55542.835938 
55770.578125 
56069.171875 
56835.601562 
57123.535156 
57493.097656 
56849.382812 
56114.757812 
56229.582031 
56205.195312 
56628.070312 
56893.554688 
55454.082031 
55422.125000 
56131.957031 
56406.757812 
56833.570312 
56293.757812 
56411.253906 
56751.484375 
56583.539062 
56643.070312 
56129.800781 
56051.179688 
56602.250000 
56028.042969 
55347.058594 
55168.539062 
55646.496094 
56328.101562 
55268.070312 
54945.625000 
55074.667969 
55365.468750 
55619.652344 
55841.652344 
56605.078125 
57513.562500 
56305.921875 
55104.945312 
55842.687500 
56098.746094 
56885.015625 
55544.445312 
55143.296875 
54879.644531 
55167.585938 
55758.457031 
55598.046875 
55416.835938 
56037.703125 
55641.312500 
55821.230469 
55562.367188 
56180.351562 
55271.250000 
55561.210938 
55345.164062 
55503.664062 
55351.820312 
55795.207031 
56397.144531 
56364.765625 
55700.000000 
54952.312500 
54835.699219 
55351.812500 
56087.136719 
56157.421875 
55940.121094 
55792.484375 
55717.187500 
55468.093750 
55765.281250 
55098.937500 
54543.230469 
54495.511719 
54426.230469 
55399.632812 
55108.406250 
54909.523438 
55769.421875 
55619.656250 
55027.554688 
55403.000000 
55635.308594 
55653.605469 
55078.785156 
55811.992188 
55136.933594 
55791.828125 
56356.460938 
55934.804688 
54806.246094 
54391.148438 
55256.976562 
56173.945312 
56017.691406 
55352.648438 
55198.320312 
54974.511719 
55327.429688 
55928.871094 
55315.730469 
55674.984375 
56078.933594 
55720.199219 
55066.210938 
55208.835938 
55369.121094 
55592.148438 
55738.695312 
55604.296875 
54616.046875 
55127.171875 
56001.527344 
55917.617188 
55688.812500 
55499.035156 
56179.035156 
55698.117188 
55158.613281 
54834.843750 
55483.921875 
55289.308594 
56522.234375 
55935.964844 
56095.585938 
56177.101562 
56190.207031 
56433.890625 
55988.402344 
54902.242188 
54985.906250 
55162.226562 
55308.394531 
55539.691406 
55517.128906 
54662.445312 
54301.683594 
55695.867188 
56389.605469 
55981.039062 
55583.527344 
55174.722656 
54352.906250 
54745.621094 
55844.707031 
56207.089844 
54891.914062 
55160.843750 
55054.097656 
55671.808594 
54959.695312 
55850.382812 
55504.625000 
55975.226562 
55987.730469 
55960.121094 
55668.343750 
55346.777344 
55348.757812 
54879.250000 
55767.917969 
55701.671875 
54844.050781 
55158.523438 
55651.617188 
55673.148438 
55953.468750 
55665.773438 
55408.765625 
55982.203125 
55413.164062 
55156.164062 
55933.863281 
56250.218750 
56614.632812 
56169.648438 
55699.371094 
55303.378906 
54727.820312 
56094.492188 
56661.128906 
56213.738281 
54695.136719 
55360.890625 
55903.550781 
55353.710938 
55763.605469 
55837.406250 
56390.179688 
55605.554688 
55537.101562 
55552.152344 
55231.679688 
55538.156250 
54989.140625 
55887.875000 
56160.734375 
54939.648438 
54310.234375 
54161.285156 
55224.417969 
55374.726562 
56520.281250 
56221.007812 
55130.109375 
55570.878906 
55282.640625 
54969.718750 
54635.320312 
55066.734375 
55680.609375 
55989.039062 
56913.246094 
55486.050781 
55340.550781 
54977.992188 
55674.671875 
55420.496094 
55768.390625 
55636.695312 
54583.304688 
53975.148438 
54778.968750 
56049.453125 
56737.996094 
56022.449219 
55583.203125 
55845.960938 
56099.539062 
55470.562500 
55262.800781 
55319.457031 
55306.988281 
55091.527344 
54613.382812 
54351.843750 
55481.359375 
55770.031250 
54919.667969 
54099.308594 
54391.976562 
55281.472656 
55786.671875 
55096.421875 
55249.316406 
54525.789062 
54576.746094 
55885.476562 
55649.937500 
55300.929688 
54547.957031 
54046.707031 
54962.359375 
56135.722656 
56238.558594 
55491.222656 
55923.292969 
55256.937500 
55141.703125 
55396.136719 
55671.781250 
55506.906250 
55152.843750 
55290.031250 
55038.164062 
54674.554688 
55903.136719 
55338.511719 
55277.562500 
54430.187500 
54767.449219 
55046.468750 
55237.789062 
55577.117188 
55146.515625 
54119.636719 
54817.007812 
54209.484375 
53680.574219 
54396.335938 
54525.859375 
54642.234375 
54175.199219 
54388.609375 
54587.875000 
55446.175781 
55251.058594 
55773.500000 
55179.773438 
54570.847656 
54637.820312 
55760.742188 
55818.453125 
56169.257812 
55483.640625 
55191.187500 
55019.546875 
55232.226562 
55500.664062 
54299.351562 
54697.835938 
55091.851562 
55468.367188 
56059.945312 
54841.007812 
54694.273438 
55746.578125 
55221.578125 
54256.101562 
54111.054688 
53971.000000 
54228.250000 
54582.332031 
55049.023438 
55099.398438 
53869.082031 
55350.320312 
55496.277344 
54836.179688 
54956.109375 
55479.320312 
55305.753906 
54228.246094 
53701.632812 
54730.750000 
55862.687500 
55442.898438 
54985.250000 
54584.191406 
54521.789062 
55008.625000 
55071.664062 
55410.734375 
53963.109375 
53241.335938 
53898.011719 
54646.695312 
53931.503906 
53616.812500 
54326.414062 
54282.746094 
53934.796875 
53448.570312 
53863.601562 
54777.312500 
55511.339844 
55970.371094 
55710.695312 
55036.984375 
55217.250000 
55055.726562 
54743.734375 
54921.523438 
55451.066406 
55786.648438 
55203.089844 
54554.914062 
54868.023438 
55708.898438 
55559.273438 
55603.007812 
55590.050781 
55317.839844 
55010.382812 
54453.761719 
53514.976562 
54006.695312 
54569.484375 
54358.375000 
53261.570312 
52895.929688 
54893.992188 
55103.015625 
54668.140625 
54047.105469 
54018.488281 
54630.875000 
55064.957031 
54816.480469 
55713.500000 
55250.648438 
54302.031250 
54474.527344 
54977.136719 
55905.964844 
54492.835938 
53879.375000 
53926.343750 
53990.703125 
54644.203125 
54983.871094 
54754.968750 
54523.027344 
54246.320312 
55345.531250 
55737.324219 
54607.269531 
54032.289062 
54271.695312 
54147.394531 
53669.921875 
53771.820312 
54135.605469 
55176.562500 
55435.152344 
54727.382812 
54440.671875 
53851.031250 
53606.792969 
55063.414062 
53990.472656 
53508.777344 
53934.250000 
53437.878906 
55061.070312 
55291.164062 
54541.367188 
54894.421875 
54299.027344 
54369.773438 
54245.042969 
54349.308594 
54361.179688 
53683.933594 
53489.296875 
53359.398438 
53795.781250 
54408.023438 
54346.781250 
53932.195312 
53409.261719 
53813.640625 
53498.773438 
53928.789062 
53171.250000 
53228.101562 
53336.257812 
53640.285156 
52869.167969 
53920.921875 
53759.355469 
54262.296875 
54426.746094 
54511.515625 
54240.546875 
53968.757812 
53795.886719 
54556.984375 
54864.910156 
53855.500000 
53763.367188 
53935.140625 
54234.781250 
54269.734375 
54133.644531 
53926.906250 
53712.796875 
54247.421875 
54133.300781 
54130.035156 
54022.328125 
53341.296875 
53120.476562 
54130.296875 
54208.242188 
54967.128906 
54658.050781 
54275.031250 
53647.054688 
53340.953125 
53495.230469 
54156.746094 
53613.453125 
53257.750000 
53065.859375 
53794.757812 
53281.464844 
54339.351562 
54843.824219 
54718.914062 
54244.058594 
53839.335938 
54549.621094 
54780.164062 
53750.835938 
53851.246094 
54659.757812 
53686.007812 
53247.585938 
53008.945312 
52806.351562 
53235.972656 
53022.062500 
53901.218750 
54103.667969 
54285.742188 
53468.718750 
53194.183594 
54328.785156 
55187.265625 
54517.222656 
53567.355469 
53180.929688 
53845.039062 
53811.500000 
53889.539062 
53604.781250 
53726.960938 
53232.093750 
52776.570312 
53040.648438 
53923.382812 
54262.621094 
54995.667969 
53957.261719 
52735.703125 
52192.960938 
52749.902344 
53350.273438 
54437.085938 
54510.140625 
54093.085938 
53484.500000 
52736.542969 
53889.953125 
55028.867188 
54188.742188 
53358.492188 
52869.914062 
53792.703125 
53970.953125 
54170.027344 
52897.085938 
53257.773438 
53469.851562 
54038.710938 
54642.035156 
54084.066406 
54006.714844 
53375.164062 
52706.207031 
53600.835938 
53764.718750 
53958.257812 
52950.140625 
53120.644531 
54363.074219 
53773.437500 
52912.089844 
52957.070312 
53356.714844 
53903.875000 
53732.828125 
53714.570312 
54483.164062 
53944.765625 
54401.648438 
54261.625000 
53838.335938 
53519.132812 
53214.242188 
53143.828125 
52935.667969 
53910.609375 
53955.039062 
54028.078125 
54683.109375 
54428.894531 
54088.875000 
53451.281250 
53629.531250 
53941.015625 
54244.203125 
54389.101562 
53183.382812 
52370.656250 
53066.210938 
52826.093750 
53552.125000 
53465.125000 
53211.113281 
53043.703125 
53457.753906 
53182.339844 
53651.292969 
53270.324219 
53536.125000 
53210.761719 
52476.496094 
52519.339844 
53188.843750 
54116.238281 
53696.761719 
53063.640625 
52751.242188 
52667.636719 
52128.132812 
52155.078125 
53634.875000 
54129.250000 
53974.039062 
53399.015625 
52729.734375 
53809.128906 
54948.335938 
54108.281250 
53379.976562 
54225.617188 
54044.234375 
53269.023438 
52236.324219 
53529.468750 
53504.937500 
52822.777344 
53117.855469 
52998.601562 
53790.167969 
53464.324219 
53260.257812 
53710.703125 
53988.710938 
53652.320312 
53500.929688 
53043.671875 
52745.707031 
53265.015625 
54700.617188 
54612.285156 
53999.132812 
53467.246094 
52559.000000 
53264.562500 
52502.648438 
52967.632812 
53851.574219 
53232.152344 
53303.593750 
52864.328125 
52657.343750 
52527.843750 
52556.539062 
53031.242188 
52473.703125 
52182.566406 
52182.683594 
52894.031250 
53386.109375 
53059.265625 
53861.140625 
53995.484375 
53399.820312 
53117.187500 
53013.472656 
53055.937500 
52789.976562 
53653.484375 
53154.351562 
52278.187500 
52763.332031 
52829.781250 
53356.191406 
53672.453125 
53071.968750 
53087.753906 
53653.210938 
52988.074219 
52862.394531 
52212.937500 
52393.902344 
52562.082031 
53039.359375 
52595.347656 
52711.304688 
52405.933594 
52631.691406 
53522.343750 
53494.722656 
52756.226562 
52544.433594 
52413.156250 
52811.125000 
53109.582031 
53432.234375 
53236.218750 
52551.148438 
53056.523438 
52798.996094 
53739.132812 
53467.039062 
53237.054688 
51969.835938 
52472.296875 
53067.042969 
53372.218750 
53804.605469 
53281.148438 
52505.789062 
52846.718750 
53320.464844 
53462.570312 
51966.996094 
52342.507812 
52609.632812 
53820.421875 
53423.937500 
53509.734375 
52877.335938 
52572.027344 
52172.164062 
51855.101562 
52814.269531 
53252.496094 
53297.750000 
52639.890625 
52270.816406 
52350.500000 
52965.484375 
53138.796875 
54138.320312 
53414.648438 
52782.218750 
52036.171875 
52285.421875 
52328.445312 
52893.265625 
53859.550781 
53429.164062 
53091.871094 
52593.546875 
51822.480469 
53093.062500 
53159.820312 
54025.742188 
53868.179688 
52529.898438 
51981.765625 
52211.062500 
52780.660156 
52906.523438 
52494.386719 
52461.664062 
52026.003906 
52433.046875 
52384.312500 
52894.175781 
53344.410156 
52145.648438 
51690.984375 
51957.804688 
53288.562500 
52813.710938 
52327.226562 
51574.257812 
51696.085938 
52469.570312 
52939.140625 
53049.503906 
52022.804688 
51921.882812 
52090.050781 
52119.937500 
52196.695312 
53253.230469 
52812.847656 
51873.996094 
51554.714844 
52244.898438 
52917.062500 
53968.507812 
53595.765625 
52362.367188 
52449.878906 
52381.195312 
53001.046875 
53284.945312 
53478.652344 
53517.304688 
53341.503906 
52371.796875 
52987.882812 
53056.644531 
52764.203125 
52822.601562 
52434.765625 
52271.273438 
52547.023438 
51949.925781 
52873.105469 
53187.562500 
52877.828125 
53367.562500 
53337.609375 
53077.261719 
53633.937500 
53406.273438 
53224.496094 
53516.855469 
53652.945312 
52939.195312 
52573.796875 
52835.914062 
52059.117188 
51833.613281 
52359.453125 
52139.476562 
52175.234375 
52685.554688 
52529.785156 
51857.015625 
52286.773438 
52127.085938 
52179.992188 
52283.128906 
53213.179688 
53220.187500 
52647.046875 
52169.035156 
52076.343750 
52219.906250 
52293.585938 
51806.875000 
51771.281250 
52462.882812 
52676.761719 
53846.484375 
53367.390625 
52607.199219 
51216.683594 
50935.687500 
51551.632812 
52079.296875 
52562.851562 
52751.437500 
52428.402344 
51434.789062 
51524.144531 
51695.480469 
52568.628906 
52300.140625 
52566.738281 
52002.187500 
51852.558594 
52765.425781 
52797.382812 
51965.976562 
52367.281250 
53083.273438 
52698.703125 
53451.132812 
52470.625000 
52528.867188 
52538.664062 
52637.078125 
52952.171875 
52905.539062 
53132.570312 
52395.835938 
52028.671875 
52233.214844 
52018.972656 
51970.964844 
52033.253906 
52694.386719 
51901.332031 
51778.121094 
51904.488281 
52323.843750 
51662.851562 
51330.171875 
52173.175781 
51884.687500 
51345.894531 
51819.183594 
51899.414062 
52692.187500 
51940.828125 
51274.320312 
50733.476562 
50579.585938 
50406.992188 
50638.199219 
51782.589844 
52382.484375 
51860.824219 
51867.476562 
52749.914062 
52761.734375 
52378.000000 
51311.804688 
50796.144531 
51855.558594 
52009.093750 
52023.726562 
51899.703125 
51878.011719 
51990.687500 
51750.382812 
51770.335938 
51772.121094 
51875.945312 
52549.117188 
52219.175781 
51898.468750 
52282.222656 
52442.765625 
52323.109375 
52400.589844 
52475.789062 
52355.195312 
51838.128906 
51993.843750 
51494.242188 
51351.128906 
51324.585938 
52217.457031 
52523.828125 
52617.054688 
51623.101562 
50785.085938 
51144.859375 
51378.921875 
52368.531250 
52336.515625 
52031.632812 
51446.933594 
51076.832031 
50445.007812 
51009.542969 
51132.804688 
51472.753906 
51144.062500 
51274.679688 
50688.562500 
51390.070312 
51612.000000 
52477.292969 
52129.203125 
51843.726562 
51586.632812 
51107.320312 
51310.921875 
52004.601562 
53031.093750 
52963.562500 
52658.460938 
51558.519531 
51073.578125 
51543.433594 
51848.363281 
52019.855469 
51483.953125 
51609.882812 
51259.851562 
51647.851562 
51290.753906 
51288.578125 
51654.398438 
51680.746094 
51599.851562 
51966.878906 
51607.550781 
51094.828125 
51429.445312 
51661.953125 
51394.523438 
51973.796875 
51741.253906 
50610.023438 
51381.023438 
51659.273438 
51300.179688 
51940.816406 
51863.968750 
52475.164062 
52047.042969 
51985.960938 
52004.664062 
52176.375000 
52385.882812 
51642.027344 
51704.316406 
52088.953125 
52015.085938 
51906.515625 
51707.953125 
51169.804688 
50755.273438 
50908.710938 
51957.367188 
52197.585938 
52236.992188 
52025.175781 
52006.578125 
51216.375000 
51340.734375 
51563.500000 
51673.078125 
51466.878906 
51782.882812 
51526.710938 
51693.218750 
51554.230469 
51830.562500 
52243.804688 
52400.679688 
52399.687500 
51789.039062 
51848.007812 
52662.730469 
52456.304688 
52028.273438 
52911.167969 
52404.062500 
51615.679688 
51657.015625 
52092.433594 
52675.828125 
52148.632812 
51525.546875 
51893.195312 
51449.476562 
51931.843750 
52128.867188 
52132.128906 
52394.429688 
51892.875000 
52637.015625 
51626.320312 
50234.191406 
50605.093750 
50791.359375 
51605.437500 
51289.082031 
50801.921875 
51222.132812 
51128.414062 
51567.515625 
51241.578125 
50344.164062 
50752.250000 
51096.195312 
51675.734375 
51813.054688 
52041.218750 
51890.433594 
51242.449219 
51084.109375 
51029.664062 
51691.574219 
51546.429688 
52046.289062 
51644.343750 
50841.039062 
51073.171875 
51225.437500 
51892.664062 
51902.941406 
51208.367188 
52257.507812 
51890.656250 
51676.480469 
50952.625000 
50501.437500 
51067.238281 
51459.785156 
52096.445312 
52105.882812 
51570.234375 
51891.546875 
51362.625000 
51147.683594 
51691.941406 
51695.726562 
51779.605469 
51202.496094 
51087.523438 
50631.445312 
51856.578125 
52023.171875 
51517.828125 
51586.730469 
50648.933594 
50246.343750 
50693.785156 
50691.609375 
50382.039062 
50726.617188 
51733.996094 
51665.578125 
51510.257812 
50594.039062 
50860.562500 
50931.222656 
50762.160156 
51292.765625 
51979.007812 
51639.210938 
51335.453125 
50548.066406 
50188.976562 
50667.906250 
50723.882812 
50965.328125 
50659.367188 
50921.429688 
50442.359375 
50610.726562 
51054.890625 
50610.515625 
50659.785156 
50973.683594 
51455.593750 
51424.328125 
51383.484375 
51834.921875 
51369.195312 
51397.312500 
51092.937500 
50435.390625 
51015.542969 
50743.679688 
50945.265625 
50872.394531 
50498.992188 
50643.457031 
51416.800781 
51168.820312 
51779.613281 
51672.539062 
51312.113281 
50894.343750 
50309.523438 
50762.023438 
50873.296875 
50365.304688 
51903.574219 
51291.816406 
51489.988281 
51390.523438 
51170.070312 
51061.035156 
51064.000000 
51197.421875 
51736.656250 
51645.421875 
50442.488281 
50939.593750 
51200.320312 
50960.039062 
51201.667969 
51763.289062 
51909.800781 
51264.593750 
51114.765625 
50198.765625 
50461.835938 
51388.359375 
51648.453125 
51805.527344 
51359.507812 
51366.937500 
51219.273438 
51751.578125 
51474.789062 
51721.648438 
51761.687500 
51190.382812 
49895.570312 
50342.167969 
50987.332031 
50712.101562 
50394.449219 
50844.089844 
51302.253906 
51572.562500 
51144.160156 
50430.765625 
50346.765625 
50678.765625 
51792.539062 
50636.070312 
51008.523438 
51332.402344 
50817.960938 
50749.269531 
50832.648438 
50545.667969 
51172.132812 
51685.257812 
50439.859375 
50274.816406 
50945.792969 
51227.687500 
51473.906250 
50693.585938 
50152.250000 
50555.746094 
51308.402344 
50967.125000 
50844.687500 
50687.890625 
50876.867188 
51117.257812 
51898.996094 
51521.289062 
51121.476562 
50667.847656 
50712.789062 
50794.847656 
50729.515625 
50881.503906 
51000.593750 
52049.910156 
51793.632812 
51760.683594 
51520.644531 
51131.148438 
50855.582031 
51181.261719 
50138.750000 
50994.437500 
51731.375000 
51967.796875 
51892.535156 
52081.460938 
51550.164062 
51096.867188 
50905.800781 
51056.050781 
50882.671875 
50886.554688 
50483.343750 
50275.937500 
50374.460938 
49940.468750 
50224.968750 
50498.386719 
50659.386719 
51794.445312 
50527.804688 
50620.585938 
50022.355469 
51535.507812 
51279.695312 
51195.656250 
50301.867188 
50532.906250 
49937.562500 
50205.195312 
51325.945312 
51681.984375 
50807.070312 
49925.250000 
50061.617188 
50642.804688 
50876.695312 
51462.742188 
51367.558594 
50214.121094 
49624.914062 
50755.964844 
50999.484375 
51094.328125 
50910.273438 
50668.902344 
50152.039062 
49711.921875 
50145.687500 
50370.921875 
50040.054688 
50513.859375 
50863.562500 
51283.023438 
51254.964844 
50952.070312 
50115.851562 
50266.375000 
49912.656250 
50020.492188 
49747.109375 
50126.046875 
49976.351562 
49270.968750 
49994.046875 
50813.375000 
50423.019531 
50854.335938 
50438.632812 
51041.703125 
50753.839844 
50149.414062 
50513.796875 
49854.742188 
50839.664062 
50679.437500 
50366.597656 
50451.218750 
50414.621094 
50658.320312 
50878.109375 
51401.593750 
51451.843750 
50879.820312 
51022.246094 
50151.199219 
49716.527344 
50076.285156 
50311.476562 
50818.343750 
50648.570312 
49816.125000 
49595.753906 
50252.773438 
50315.363281 
50757.277344 
50782.546875 
51529.867188 
50980.011719 
50408.664062 
50383.531250 
50754.062500 
50598.070312 
50524.894531 
50105.953125 
49222.316406 
50365.093750 
52042.726562 
51546.890625 
51508.218750 
50804.738281 
50220.453125 
49855.929688 
50573.304688 
50927.632812 
50287.757812 
50387.230469 
49874.937500 
49720.304688 
49512.859375 
50599.289062 
50788.984375 
51028.949219 
50759.871094 
50731.156250 
49752.734375 
50134.042969 
50055.160156 
50006.796875 
50157.042969 
50654.917969 
49860.253906 
50077.953125 
50098.515625 
50639.984375 
51199.507812 
50776.292969 
50614.742188 
50390.414062 
50370.296875 
50261.882812 
50634.070312 
50002.007812 
49548.921875 
49408.539062 
49580.824219 
50344.750000 
50365.539062 
50188.113281 
50569.710938 
50311.320312 
49786.816406 
48991.785156 
50309.449219 
49924.675781 
50116.250000 
49939.695312 
49617.070312 
49259.679688 
49334.121094 
49501.921875 
50251.546875 
50393.937500 
50037.289062 
49626.640625 
50037.242188 
50706.363281 
50939.628906 
49884.031250 
49585.277344 
48764.054688 
49371.835938 
50590.710938 
50516.378906 
50484.316406 
49484.988281 
48745.054688 
49213.000000 
50915.812500 
51518.953125 
50037.464844 
50347.078125 
50004.328125 
50349.460938 
49509.566406 
49150.054688 
49435.539062 
50000.507812 
50379.242188 
50538.015625 
49973.843750 
49972.656250 
49834.921875 
50633.714844 
50854.335938 
50343.210938 
50237.324219 
49963.320312 
50225.640625 
50890.773438 
51321.144531 
50702.453125 
50545.527344 
50478.687500 
50370.570312 
50388.757812 
50197.062500 
50778.898438 
50459.121094 
50245.890625 
50690.679688 
50978.480469 
50927.078125 
50602.269531 
50833.734375 
50826.734375 
50556.804688 
50350.347656 
50728.875000 
51160.035156 
50721.296875 
50653.238281 
50269.871094 
50894.429688 
52093.863281 
51173.406250 
50478.382812 
49811.402344 
50034.980469 
49425.566406 
49333.445312 
49875.632812 
50255.406250 
49805.835938 
49254.539062 
48958.050781 
50389.882812 
50358.214844 
50364.546875 
49753.425781 
49342.234375 
49010.445312 
49828.609375 
50104.242188 
50116.988281 
50837.726562 
50307.398438 
50514.746094 
50506.175781 
49971.656250 
49329.687500 
49600.250000 
49658.371094 
50113.421875 
50664.691406 
50126.656250 
49876.371094 
50241.386719 
50043.679688 
49790.406250 
50929.367188 
50817.484375 
50630.335938 
49814.007812 
50273.996094 
49751.156250 
50210.312500 
51391.746094 
51049.964844 
50267.054688 
49954.125000 
50726.183594 
50315.445312 
50405.070312 
50659.316406 
51007.457031 
51102.542969 
51352.902344 
50427.578125 
50189.226562 
50081.847656 
50880.726562 
51514.562500 
50797.597656 
50256.679688 
49870.710938 
50323.972656 
50395.390625 
50427.632812 
49894.804688 
49656.929688 
49956.375000 
49269.679688 
50086.843750 
49371.507812 
49198.039062 
49246.468750 
50212.812500 
49765.171875 
50349.664062 
49783.515625 
49513.421875 
49130.015625 
49340.593750 
49020.492188 
49594.503906 
49803.640625 
50066.160156 
49544.472656 
50164.714844 
50334.644531 
50521.085938 
50609.796875 
50853.773438 
51016.257812 
49831.160156 
49424.632812 
49986.980469 
49755.132812 
49714.628906 
50272.718750 
50632.011719 
49974.496094 
49858.792969 
49926.355469 
49576.992188 
50440.906250 
50604.058594 
50550.085938 
50429.757812 
51169.582031 
50424.929688 
49581.515625 
49702.929688 
50351.125000 
50587.078125 
49874.894531 
49889.601562 
49960.929688 
49807.531250 
49357.648438 
49930.738281 
49979.531250 
50198.140625 
50067.281250 
49760.453125 
50006.984375 
50457.414062 
49786.335938 
49780.277344 
49401.789062 
49915.675781 
50257.046875 
51222.699219 
50749.476562 
49113.695312 
48523.929688 
48803.601562 
49807.144531 
50246.144531 
50811.261719 
50119.617188 
49913.953125 
49980.835938 
50436.718750 
50612.671875 
50687.585938 
50046.289062 
49819.375000 
49599.683594 
49719.210938 
50027.968750 
50609.835938 
50103.539062 
49972.492188 
49282.347656 
49830.734375 
49398.671875 
50297.757812 
50399.691406 
50377.429688 
51209.488281 
50049.710938 
49228.058594 
48342.281250 
48996.960938 
49758.585938 
50427.316406 
50290.859375 
49935.765625 
49906.085938 
50554.593750 
50509.121094 
50249.250000 
50603.367188 
50288.265625 
50544.000000 
50850.398438 
49825.410156 
49749.750000 
49779.105469 
50843.714844 
50401.726562 
50675.644531 
50637.429688 
50129.125000 
49864.179688 
49476.585938 
49256.406250 
49610.515625 
49976.625000 
50063.183594 
50019.128906 
49367.859375 
48942.769531 
49239.191406 
49633.320312 
49396.507812 
49745.355469 
50220.234375 
50004.242188 
49935.226562 
49537.250000 
50059.140625 
50181.187500 
50461.343750 
50088.773438 
50314.242188 
49950.121094 
49909.269531 
50100.687500 
49672.789062 
50103.746094 
50303.570312 
49830.156250 
50128.796875 
49355.171875 
49426.828125 
49579.121094 
49874.531250 
49980.968750 
49835.050781 
49957.070312 
50374.097656 
50536.890625 
49581.953125 
49177.320312 
49099.566406 
49155.464844 
49896.562500 
51178.953125 
50961.066406 
50238.816406 
49819.144531 
49624.058594 
49782.992188 
50156.722656 
50826.828125 
49711.714844 
49120.890625 
49353.335938 
49773.679688 
50848.179688 
49729.406250 
49983.433594 
49468.378906 
49262.000000 
49345.359375 
49799.898438 
50040.441406 
50216.187500 
49851.531250 
50105.550781 
49477.332031 
50273.644531 
50413.347656 
49885.273438 
49566.113281 
50296.867188 
49344.492188 
49911.042969 
50046.804688 
50285.515625 
49698.453125 
49348.476562 
49256.437500 
49653.703125 
49334.562500 
49461.140625 
48984.398438 
49532.746094 
49914.910156 
50237.628906 
49119.035156 
49406.105469 
49575.136719 
50531.890625 
50499.609375 
50469.929688 
50329.671875 
49922.507812 
50270.625000 
49755.242188 
48454.265625 
48246.414062 
48580.410156 
49073.644531 
49484.804688 
49307.640625 
49305.882812 
48711.945312 
49783.734375 
50208.625000 
49398.453125 
48828.945312 
49795.921875 
49570.578125 
49880.039062 
49226.187500 
48682.796875 
49446.226562 
49600.414062 
49869.062500 
48953.570312 
49164.808594 
49649.273438 
49191.484375 
49417.843750 
49654.726562 
51040.617188 
51116.156250 
50179.359375 
49653.382812 
49332.226562 
49398.195312 
49886.851562 
51348.972656 
50714.945312 
49828.777344 
49918.191406 
49327.921875 
49227.210938 
49318.921875 
49898.207031 
50097.339844 
49426.093750 
49155.343750 
49078.953125 
49082.000000 
49166.800781 
49529.222656 
49282.765625 
48662.890625 
49004.312500 
49371.476562 
48677.351562 
48911.289062 
48851.203125 
48856.042969 
48969.289062 
48885.089844 
49071.566406 
49519.328125 
50119.484375 
49853.886719 
49525.058594 
49578.929688 
48571.250000 
49919.601562 
49199.503906 
49450.601562 
49887.242188 
49551.207031 
49722.175781 
49301.132812 
49079.757812 
48598.738281 
48822.656250 
49215.371094 
49365.164062 
49147.074219 
49705.500000 
50359.429688 
50083.332031 
49801.218750 
49452.339844 
49483.882812 
49093.445312 
49236.437500 
48559.359375 
48901.468750 
49104.828125 
49502.851562 
50037.273438 
49582.609375 
49178.726562 
48368.972656 
48606.300781 
49268.718750 
49507.281250 
49476.898438 
49677.500000 
49906.515625 
50536.261719 
49610.843750 
49448.687500 
49505.671875 
49417.820312 
49278.867188 
49833.804688 
50070.589844 
50167.378906 
50025.976562 
49901.941406 
49405.457031 
49276.296875 
49460.375000 
49570.394531 
48775.781250 
48628.097656 
49135.171875 
49635.843750 
48957.335938 
48359.875000 
48761.554688 
48849.898438 
49216.000000 
49279.062500 
48606.878906 
48776.679688 
48818.843750 
48758.070312 
48978.152344 
49175.875000 
49774.148438 
49333.867188 
48948.996094 
48931.757812 
48848.390625 
48686.914062 
49942.320312 
50138.117188 
49626.531250 
48803.695312 
48497.781250 
49113.656250 
48758.027344 
48879.808594 
48824.195312 
48881.375000 
49903.125000 
50335.394531 
49452.757812 
49338.265625 
49520.718750 
48954.972656 
49251.167969 
49154.609375 
48838.191406 
49044.718750 
48324.640625 
48492.718750 
49015.609375 
48813.281250 
48968.367188 
49402.265625 
49581.839844 
49349.171875 
49269.289062 
48833.843750 
49188.546875 
49307.062500 
48555.871094 
48776.234375 
49358.679688 
49418.261719 
48982.269531 
48969.632812 
49501.468750 
49252.484375 
49313.703125 
49388.734375 
50098.425781 
49199.664062 
49199.570312 
49103.968750 
48915.335938 
49167.875000 
50147.812500 
49465.398438 
49882.632812 
49818.710938 
49053.628906 
49262.281250 
49378.109375 
49575.203125 
48691.699219 
49230.304688 
49657.851562 
49456.328125 
49422.425781 
48757.929688 
48783.062500 
49066.851562 
49496.140625 
49391.132812 
49789.070312 
50394.230469 
49763.765625 
49980.933594 
49874.992188 
49608.562500 
49564.460938 
50244.929688 
48813.480469 
48891.273438 
49387.003906 
48887.726562 
48712.617188 
48664.562500 
48814.757812 
48714.531250 
48732.359375 
48654.410156 
49446.535156 
49236.082031 
48854.675781 
49463.937500 
49022.906250 
49093.304688 
49528.867188 
49685.843750 
49515.515625 
49149.437500 
48459.414062 
49181.320312 
49082.414062 
48990.753906 
49056.761719 
48939.320312 
48982.593750 
48642.140625 
49281.082031 
49617.914062 
49766.402344 
49267.179688 
49083.015625 
49185.597656 
48514.324219 
49357.093750 
48966.195312 
48915.328125 
49535.929688 
49701.667969 
49493.550781 
49577.132812 
48689.218750 
48843.000000 
48925.992188 
49181.539062 
49771.671875 
50571.484375 
50382.757812 
49776.265625 
49383.562500 
49611.992188 
50174.054688 
50174.265625 
50461.406250 
50193.804688 
49779.484375 
49263.742188 
48840.472656 
48477.929688 
48494.289062 
49120.578125 
48957.820312 
49185.617188 
49137.871094 
48708.921875 
48877.488281 
49112.460938 
49128.101562 
49479.765625 
49731.859375 
50192.058594 
49672.906250 
49884.761719 
50192.945312 
49931.203125 
49683.167969 
49259.859375 
49361.648438 
50410.652344 
49614.980469 
49664.406250 
49069.238281 
49221.507812 
49344.722656 
49627.660156 
48953.488281 
48326.414062 
48625.886719 
49323.675781 
49105.023438 
49316.476562 
49595.101562 
49757.261719 
49080.742188 
48584.906250 
48131.257812 
48783.601562 
48407.691406 
48705.554688 
49172.171875 
49316.117188 
49103.265625 
48925.066406 
49403.957031 
50088.925781 
50176.722656 
49786.781250 
49594.976562 
50218.367188 
48816.523438 
48296.031250 
48755.117188 
49206.996094 
49925.433594 
49656.062500 
49203.617188 
49701.136719 
49754.039062 
48826.437500 
49016.703125 
49590.265625 
49391.714844 
49105.445312 
49074.382812 
49679.054688 
49315.113281 
48776.484375 
48157.238281 
47855.492188 
49155.394531 
49271.453125 
49368.210938 
48879.765625 
48514.960938 
48678.625000 
48909.578125 
48811.218750 
49284.105469 
49493.500000 
49694.414062 
48489.468750 
49225.125000 
48728.914062 
48942.367188 
48704.078125 
48870.476562 
49496.453125 
48938.234375 
49030.929688 
49014.890625 
48843.589844 
48937.593750 
48596.726562 
48865.371094 
49551.382812 
49984.484375 
50145.796875 
49232.777344 
49153.664062 
49516.312500 
49541.171875 
49009.539062 
48946.230469 
50314.378906 
49947.750000 
48245.503906 
48160.125000 
48398.382812 
49132.773438 
49968.671875 
49532.199219 
48631.179688 
47920.953125 
48219.660156 
49062.203125 
49402.285156 
49022.667969 
48704.523438 
49131.609375 
48307.898438 
48355.820312 
48303.671875 
48357.921875 
49712.210938 
49410.429688 
49284.500000 
49063.351562 
49322.875000 
50030.527344 
49978.234375 
49990.570312 
50384.378906 
49114.800781 
49290.554688 
49783.742188 
49428.792969 
49402.042969 
49027.265625 
49245.125000 
49584.023438 
49089.335938 
48801.089844 
48631.523438 
48136.527344 
48077.617188 
48675.062500 
48962.910156 
49121.398438 
49614.363281 
49912.484375 
49669.937500 
49099.402344 
49430.988281 
49846.390625 
50300.453125 
49773.890625 
48296.699219 
47916.789062 
48042.203125 
48255.710938 
48097.195312 
48194.890625 
47763.628906 
48172.976562 
47971.691406 
48495.398438 
48576.601562 
47940.429688 
48427.484375 
47953.617188 
48665.699219 
48850.546875 
49157.886719 
49906.132812 
49595.921875 
49225.109375 
48963.285156 
48278.242188 
48653.046875 
48917.226562 
48634.687500 
49514.171875 
50013.726562 
50205.085938 
50039.304688 
49546.765625 
49758.953125 
49329.828125 
49579.558594 
49495.242188 
48955.578125 
49055.304688 
49062.464844 
48834.554688 
49085.898438 
49341.863281 
49553.882812 
49274.484375 
48639.726562 
49192.363281 
49214.703125 
49524.636719 
49626.796875 
49696.800781 
48880.707031 
49095.988281 
48460.152344 
49478.765625 
49157.078125 
48692.281250 
48920.457031 
49254.875000 
49693.054688 
49644.179688 
49060.324219 
48778.250000 
48304.710938 
48913.992188 
49517.164062 
50079.007812 
50292.402344 
49907.277344 
49861.171875 
49855.589844 
49377.757812 
49151.820312 
48747.328125 
49159.500000 
49232.894531 
49484.296875 
49232.632812 
49044.679688 
48854.312500 
48732.023438 
49088.929688 
48772.914062 
48976.710938 
49335.914062 
49117.859375 
48056.320312 
48593.136719 
49201.218750 
49105.554688 
49299.097656 
49381.113281 
49248.945312 
49634.039062 
48848.816406 
48780.390625 
49135.480469 
49314.140625 
49654.730469 
49256.046875 
48986.468750 
48928.910156 
49017.871094 
48505.742188 
49067.367188 
49602.468750 
49854.062500 
49730.281250 
49727.609375 
48843.937500 
48488.863281 
48225.828125 
48734.390625 
48478.183594 
48068.851562 
48185.347656 
48068.847656 
48093.875000 
48176.675781 
48391.812500 
47879.843750 
47637.812500 
47960.769531 
48941.605469 
48875.507812 
48985.039062 
49179.851562 
48504.503906 
48056.257812 
48612.480469 
48056.968750 
48642.792969 
49190.417969 
48997.742188 
49539.773438 
50159.093750 
49165.246094 
49195.312500 
49197.675781 
49395.882812 
49282.820312 
49034.074219 
49085.437500 
49196.234375 
49466.875000 
49001.835938 
48246.632812 
48465.925781 
48229.132812 
49119.828125 
48810.105469 
48646.964844 
48554.437500 
48802.636719 
48568.085938 
47953.476562 
48248.230469 
48805.000000 
49298.000000 
49012.562500 
49014.078125 
49284.500000 
49687.996094 
49094.703125 
49412.007812 
49120.316406 
48700.460938 
48682.148438 
48664.835938 
49384.195312 
48759.742188 
48776.070312 
48425.976562 
48593.652344 
48219.804688 
48805.101562 
48364.425781 
48896.929688 
49504.093750 
49103.511719 
48911.734375 
48344.007812 
48182.890625 
47773.492188 
48344.980469 
48760.414062 
49245.292969 
50030.332031 
49578.179688 
49270.359375 
48983.910156 
48336.148438 
48519.441406 
49033.636719 
48882.367188 
48307.656250 
48311.003906 
48657.906250 
48262.738281 
48398.687500 
48750.308594 
48581.187500 
48393.117188 
47771.414062 
48347.273438 
48749.312500 
48290.031250 
48206.605469 
47713.117188 
48090.531250 
48037.351562 
47303.285156 
46660.531250 
46863.789062 
47869.988281 
48907.007812 
48573.273438 
48605.476562 
48493.804688 
48089.835938 
48144.992188 
47592.359375 
48038.515625 
48436.558594 
48085.386719 
48219.242188 
48639.843750 
48327.226562 
48181.101562 
47463.320312 
47805.316406 
47744.250000 
48584.148438 
49475.757812 
48431.929688 
47748.703125 
48029.046875 
47653.140625 
48242.613281 
49118.367188 
49383.957031 
48884.828125 
48162.734375 
47862.101562 
47921.683594 
48909.234375 
49168.289062 
48351.023438 
48071.562500 
48510.644531 
48224.421875 
48481.871094 
48450.101562 
47786.453125 
48727.085938 
48352.679688 
48911.351562 
49301.531250 
48863.000000 
48577.859375 
48107.890625 
48277.281250 
48872.671875 
49183.125000 
49645.007812 
49203.503906 
49278.644531 
49274.929688 
50026.296875 
49264.664062 
48502.414062 
48274.906250 
48681.335938 
48936.750000 
48804.718750 
49180.851562 
49299.875000 
48853.109375 
48639.804688 
48589.781250 
48553.898438 
48549.574219 
47959.285156 
48223.589844 
48848.691406 
48653.597656 
47808.347656 
47774.078125 
48251.554688 
48397.753906 
49478.742188 
48874.132812 
48890.023438 
48805.203125 
48634.609375 
49225.203125 
48460.593750 
48364.195312 
48390.890625 
48799.218750 
48673.250000 
48841.234375 
48300.179688 
48227.406250 
48378.574219 
48642.871094 
48275.007812 
48309.179688 
47986.667969 
47910.535156 
47846.015625 
48195.773438 
48279.710938 
49142.414062 
48735.203125 
49290.382812 
48331.492188 
48501.625000 
48694.667969 
48757.343750 
48380.460938 
49071.914062 
49039.171875 
48601.781250 
48733.546875 
48620.882812 
48695.179688 
48426.683594 
48646.480469 
48179.097656 
47799.750000 
47902.746094 
49019.390625 
48965.343750 
48722.546875 
48614.847656 
48719.425781 
48515.132812 
49201.257812 
48780.824219 
48721.730469 
48596.105469 
48577.609375 
48924.273438 
49122.671875 
48663.023438 
48659.156250 
48671.519531 
49600.679688 
49014.765625 
49096.960938 
49299.378906 
48914.921875 
48622.351562 
48908.250000 
49170.054688 
48739.980469 
48387.824219 
48008.644531 
48832.585938 
48507.781250 
48243.804688 
47149.945312 
47916.171875 
47946.277344 
47373.308594 
48145.066406 
48051.847656 
48272.796875 
48144.191406 
47086.460938 
47451.234375 
48374.230469 
48817.355469 
48555.757812 
48237.078125 
47569.265625 
47998.562500 
48330.585938 
47233.414062 
47992.855469 
48100.613281 
48220.351562 
48453.691406 
48208.972656 
48438.273438 
48886.285156 
48413.281250 
48403.746094 
48337.789062 
48244.617188 
48216.527344 
48765.578125 
48443.562500 
48523.617188 
48698.320312 
48392.656250 
48341.726562 
48157.851562 
47337.824219 
48123.882812 
48481.171875 
47821.320312 
47616.109375 
47277.710938 
47398.164062 
47631.101562 
47462.402344 
48579.804688 
48751.429688 
48067.929688 
47613.625000 
48860.640625 
48606.492188 
48474.933594 
48503.199219 
49012.535156 
48622.925781 
48138.960938 
48641.824219 
49150.523438 
48608.503906 
48901.507812 
48779.113281 
48306.656250 
47937.156250 
48349.843750 
49143.953125 
48491.144531 
47511.707031 
47422.835938 
47685.152344 
47977.656250 
47936.718750 
47382.015625 
47730.859375 
48005.007812 
47360.226562 
48123.554688 
48152.277344 
48758.636719 
49612.445312 
48941.574219 
49043.843750 
49002.484375 
49554.351562 
48561.808594 
47490.519531 
48358.207031 
48364.218750 
48164.562500 
48120.359375 
48602.957031 
48755.273438 
48033.062500 
49440.609375 
48395.906250 
48079.273438 
48268.562500 
48072.609375 
48178.714844 
47280.781250 
47628.656250 
48325.015625 
48902.539062 
49367.363281 
49126.445312 
48832.000000 
48515.648438 
48188.812500 
47391.054688 
47795.000000 
47958.183594 
48311.023438 
47926.664062 
48027.472656 
47827.617188 
48300.179688 
48291.269531 
47573.851562 
48041.476562 
47882.230469 
47796.796875 
47330.925781 
47360.222656 
48090.722656 
47741.941406 
48373.687500 
48336.187500 
48130.433594 
48266.406250 
48238.242188 
48571.988281 
48482.437500 
48175.863281 
48016.097656 
47926.507812 
47433.710938 
47057.984375 
47357.515625 
47886.304688 
47759.753906 
48041.140625 
48511.179688 
48095.796875 
47437.750000 
46908.273438 
47391.593750 
48092.546875 
48324.968750 
48085.078125 
48004.804688 
47912.296875 
47883.078125 
48425.671875 
47556.933594 
46983.890625 
47280.878906 
47853.679688 
48431.273438 
48598.339844 
48110.843750 
47711.851562 
47375.453125 
48025.488281 
48009.039062 
47994.460938 
48201.953125 
47584.976562 
48494.359375 
48205.558594 
48269.257812 
48276.414062 
48713.843750 
48777.898438 
48986.753906 
48238.695312 
48013.757812 
48014.425781 
46813.562500 
47441.300781 
47443.285156 
48180.386719 
48774.953125 
48133.750000 
47483.492188 
47457.167969 
48445.890625 
49154.218750 
48047.187500 
47201.511719 
46833.371094 
47110.585938 
47670.320312 
47825.937500 
48417.039062 
48235.375000 
47881.535156 
48004.632812 
48101.449219 
47734.953125 
48304.132812 
48565.273438 
48774.699219 
48365.859375 
47550.382812 
47390.664062 
47654.320312 
47885.378906 
48534.789062 
47762.882812 
46765.429688 
46762.695312 
46973.687500 
46973.398438 
47071.992188 
47484.312500 
47900.515625 
47485.292969 
47500.781250 
48165.687500 
48308.585938 
48437.125000 
48079.210938 
47843.992188 
47316.531250 
47746.406250 
47353.031250 
48209.429688 
48256.214844 
47456.621094 
47684.929688 
46724.195312 
47427.652344 
47663.335938 
48584.925781 
48614.941406 
49099.867188 
48940.265625 
48127.031250 
47700.445312 
48277.304688 
48362.925781 
47945.304688 
48119.875000 
47568.761719 
48370.613281 
48140.359375 
47457.312500 
47754.765625 
47558.007812 
48023.273438 
47547.781250 
47567.933594 
47563.804688 
47872.996094 
47596.664062 
47957.003906 
48701.246094 
48519.109375 
48240.375000 
48957.976562 
48980.523438 
48910.628906 
48326.730469 
49854.437500 
48779.703125 
47846.441406 
46970.742188 
47097.714844 
47536.296875 
47781.578125 
47877.726562 
48053.835938 
48373.585938 
48843.316406 
48647.949219 
48180.230469 
47824.054688 
48036.656250 
47609.472656 
47214.335938 
47764.863281 
47825.800781 
48065.406250 
48453.375000 
47945.976562 
47880.464844 
48210.832031 
48280.273438 
47754.195312 
48170.589844 
48165.390625 
48033.183594 
47858.406250 
47462.722656 
47069.457031 
47425.621094 
46805.507812 
47197.781250 
48143.179688 
48192.625000 
48750.031250 
49021.242188 
48748.542969 
47885.433594 
47965.281250 
47889.425781 
48819.617188 
47969.164062 
47711.039062 
47478.820312 
47255.335938 
47327.550781 
47652.562500 
48033.492188 
48578.867188 
48406.078125 
48512.085938 
48084.179688 
48106.285156 
48001.273438 
48481.660156 
48522.410156 
48198.628906 
48079.894531 
48357.132812 
48057.359375 
47305.164062 
48402.695312 
48180.375000 
48184.207031 
48231.230469 
47777.957031 
47495.410156 
47498.718750 
47178.539062 
47130.296875 
47097.253906 
47394.406250 
46997.425781 
48108.535156 
47649.468750 
47917.753906 
47811.804688 
47154.023438 
46687.457031 
47027.996094 
47023.613281 
47397.476562 
48221.835938 
48016.570312 
47139.023438 
47027.386719 
47435.921875 
47689.773438 
47618.007812 
47378.085938 
47930.222656 
47558.855469 
47700.679688 
47177.886719 
46991.464844 
47377.406250 
47721.742188 
47457.621094 
47091.992188 
46631.093750 
47132.988281 
47912.066406 
47140.386719 
47507.687500 
47560.683594 
47104.769531 
46778.390625 
47334.031250 
47477.433594 
48057.964844 
48285.960938 
48272.363281 
48593.800781 
48757.625000 
49123.847656 
48373.664062 
48283.839844 
48094.140625 
48526.906250 
49261.742188 
48722.437500 
48010.523438 
48105.695312 
47785.179688 
47773.097656 
48496.351562 
48489.195312 
48558.269531 
47571.460938 
48065.460938 
47861.839844 
48582.589844 
48071.062500 
48063.964844 
47726.914062 
47955.804688 
48514.929688 
48501.648438 
48128.179688 
48042.492188 
48088.421875 
48049.691406 
47870.000000 
47754.406250 
47826.242188 
47533.539062 
47800.359375 
47747.906250 
47289.421875 
47874.125000 
48255.210938 
48152.539062 
47544.585938 
47364.914062 
47908.351562 
48068.304688 
47146.027344 
47826.777344 
47637.894531 
47479.656250 
47697.437500 
47503.382812 
47319.460938 
46926.390625 
48103.812500 
48175.218750 
48247.382812 
48140.105469 
47973.773438 
47945.230469 
48105.304688 
46969.117188 
46942.492188 
47068.484375 
47803.617188 
48743.640625 
49201.468750 
48270.992188 
47628.394531 
47721.050781 
47618.562500 
48671.078125 
48617.996094 
49106.281250 
49274.718750 
48426.781250 
48246.343750 
48562.277344 
48770.390625 
48925.363281 
48200.253906 
47968.656250 
47687.144531 
47722.765625 
48288.335938 
47721.675781 
48846.230469 
48066.375000 
47201.578125 
47769.406250 
47428.589844 
47758.855469 
47929.812500 
47432.984375 
47928.066406 
49117.058594 
48675.539062 
48058.429688 
47339.226562 
47628.230469 
47333.925781 
47527.289062 
48554.945312 
47900.601562 
47705.378906 
47729.628906 
47184.718750 
48075.316406 
48066.675781 
48231.910156 
48123.312500 
47815.378906 
48389.312500 
47946.148438 
47938.808594 
47549.640625 
47781.929688 
48023.523438 
47852.906250 
48064.945312 
48389.230469 
47788.492188 
47821.851562 
47079.699219 
47397.980469 
47269.718750 
47326.707031 
46830.472656 
47019.406250 
47667.902344 
48036.218750 
48363.972656 
47275.328125 
47378.851562 
47708.015625 
48395.347656 
47685.113281 
48096.273438 
47648.179688 
48046.082031 
48087.324219 
47837.972656 
47616.023438 
47745.328125 
47746.335938 
47388.847656 
47786.417969 
47803.062500 
47536.148438 
47639.046875 
48104.394531 
47446.742188 
47413.640625 
47449.250000 
47157.656250 
46976.617188 
47180.062500 
47141.593750 
47747.390625 
47678.710938 
48049.773438 
48295.546875 
47740.796875 
47668.238281 
48000.304688 
47460.492188 
47093.171875 
48052.457031 
48347.179688 
47618.039062 
47344.750000 
47454.312500 
47085.957031 
47550.636719 
47593.980469 
47019.988281 
47325.550781 
47883.656250 
47259.101562 
46987.710938 
46448.089844 
47407.437500 
47186.781250 
47326.882812 
47195.617188 
46571.660156 
46683.179688 
47262.421875 
46958.199219 
46976.015625 
46965.941406 
46916.367188 
46793.500000 
46949.945312 
46729.722656 
47234.390625 
47232.808594 
47574.058594 
48172.632812 
47684.265625 
47547.285156 
47420.117188 
47148.468750 
46615.355469 
47317.226562 
47789.777344 
47380.320312 
47566.921875 
47183.988281 
47085.351562 
47775.187500 
48215.285156 
48215.398438 
47934.550781 
47012.945312 
47352.093750 
47463.320312 
47483.191406 
47467.464844 
47620.679688 
48464.429688 
47624.402344 
47315.167969 
46877.945312 
47830.519531 
48553.867188 
48075.292969 
47792.402344 
47981.664062 
48180.214844 
47342.523438 
47411.351562 
47672.843750 
47284.671875 
47360.972656 
47552.636719 
46894.757812 
47062.542969 
47137.398438 
46978.046875 
47023.687500 
47312.632812 
47644.671875 
47262.890625 
46731.246094 
46844.867188 
47103.609375 
47317.484375 
47312.382812 
47068.664062 
47083.132812 
47730.167969 
47712.796875 
47692.613281 
47199.187500 
47300.648438 
46953.667969 
47768.839844 
47639.988281 
47218.976562 
46925.253906 
46722.093750 
46697.460938 
46534.226562 
46823.082031 
47741.582031 
47560.828125 
49224.343750 
48626.320312 
47341.132812 
46830.730469 
47050.992188 
46830.785156 
47332.273438 
47580.906250 
47426.148438 
47461.609375 
47490.363281 
47111.156250 
48082.343750 
48039.144531 
48033.792969 
47656.335938 
47224.937500 
47328.031250 
47253.757812 
47286.632812 
47668.750000 
47461.523438 
47031.039062 
47152.953125 
47697.195312 
48127.746094 
48344.757812 
48285.890625 
47561.765625 
47314.703125 
46398.437500 
47419.898438 
47140.472656 
48060.804688 
48745.257812 
48267.164062 
47690.625000 
47757.996094 
48445.765625 
47843.929688 
47659.179688 
47077.105469 
47729.273438 
47539.175781 
47705.921875 
47735.046875 
47823.125000 
47462.808594 
47109.425781 
47469.937500 
48023.210938 
48219.296875 
46866.425781 
47217.562500 
47308.785156 
47019.984375 
48344.625000 
47055.531250 
47866.539062 
47434.269531 
47802.667969 
47361.808594 
48372.531250 
48411.683594 
48282.734375 
48334.085938 
47696.992188 
47155.660156 
47365.382812 
47268.023438 
47452.593750 
47255.742188 
46409.675781 
46959.914062 
48031.402344 
48046.019531 
46900.164062 
46578.867188 
46858.429688 
47098.601562 
47268.359375 
47843.140625 
47789.687500 
47667.722656 
47835.433594 
47310.953125 
47143.359375 
46804.421875 
46974.929688 
47504.519531 
47393.738281 
47805.429688 
48502.992188 
47742.980469 
47163.320312 
47142.851562 
47750.984375 
47267.710938 
47861.871094 
47407.035156 
46505.980469 
46364.121094 
46979.710938 
47493.207031 
47449.617188 
47915.656250 
47765.304688 
47175.320312 
46949.128906 
46771.117188 
46838.609375 
47240.320312 
47112.695312 
47243.601562 
47167.507812 
49045.070312 
48885.101562 
48304.148438 
48017.453125 
47231.941406 
47583.726562 
47726.468750 
48325.070312 
48420.242188 
47911.359375 
46912.140625 
47081.222656 
47576.046875 
47019.050781 
47194.296875 
46952.265625 
47461.007812 
47112.421875 
46984.914062 
47249.203125 
47486.847656 
48237.957031 
47721.480469 
48049.804688 
48161.953125 
47244.574219 
46688.179688 
47029.781250 
47502.347656 
48977.175781 
49575.015625 
49279.875000 
48643.414062 
47129.625000 
47260.011719 
47708.085938 
47905.960938 
48273.242188 
47927.152344 
48182.472656 
47809.890625 
47929.195312 
48595.656250 
47553.750000 
47866.710938 
47574.117188 
48162.800781 
47988.082031 
47818.234375 
47879.468750 
47822.394531 
48113.574219 
47664.828125 
47242.203125 
46728.492188 
47318.332031 
47017.191406 
46624.664062 
45924.890625 
46521.187500 
47130.417969 
47568.734375 
46718.148438 
46681.144531 
46469.187500 
46531.355469 
46790.523438 
47324.480469 
47283.515625 
47821.570312 
47080.210938 
46608.167969 
45812.234375 
46226.757812 
47145.769531 
46835.757812 
45872.617188 
46183.152344 
46837.898438 
47274.074219 
46804.132812 
46545.992188 
47460.292969 
47068.882812 
47354.507812 
47188.656250 
47150.421875 
46788.277344 
46933.546875 
47641.953125 
47722.957031 
47422.171875 
46803.402344 
46661.968750 
46846.644531 
47107.460938 
46747.210938 
47309.031250 
48390.023438 
48427.179688 
47750.957031 
47316.125000 
47237.652344 
48074.468750 
48309.792969 
48059.007812 
47148.625000 
46664.281250 
46418.273438 
46953.777344 
48020.238281 
47921.203125 
48325.464844 
47281.437500 
46662.523438 
46702.507812 
45879.312500 
46229.937500 
46807.484375 
47596.484375 
47460.253906 
47676.308594 
47007.757812 
46661.632812 
46921.390625 
46948.710938 
47700.136719 
48095.335938 
47762.675781 
46894.296875 
47489.898438 
47442.812500 
47755.726562 
47563.812500 
47413.800781 
47282.070312 
47652.441406 
47815.828125 
48349.863281 
47886.394531 
47204.093750 
46640.617188 
47319.851562 
47156.007812 
46666.523438 
47209.640625 
47496.636719 
47033.628906 
47289.863281 
47132.492188 
46739.000000 
46520.820312 
46949.574219 
46694.765625 
46673.070312 
47022.546875 
48047.875000 
47721.750000 
47559.117188 
47475.472656 
47267.046875 
46951.085938 
46255.875000 
46095.121094 
47173.867188 
47554.335938 
47277.230469 
47509.632812 
46785.589844 
46887.285156 
46430.210938 
46273.867188 
46517.265625 
46827.406250 
46360.222656 
47131.187500 
46995.136719 
46995.695312 
46496.187500 
46576.523438 
47643.046875 
47746.671875 
47973.210938 
48542.625000 
48332.226562 
47601.644531 
46719.589844 
46890.816406 
47722.328125 
47436.699219 
46805.968750 
47133.804688 
47440.476562 
47294.140625 
47195.347656 
46635.007812 
45499.742188 
45556.863281 
46002.343750 
46308.777344 
46981.851562 
47372.304688 
46796.429688 
46796.039062 
47064.839844 
46506.667969 
47124.648438 
47087.257812 
46441.210938 
46902.199219 
46716.511719 
47508.539062 
46765.589844 
46608.972656 
46624.554688 
46998.109375 
46877.339844 
46649.746094 
47069.285156 
46728.281250 
46629.953125 
46875.789062 
47628.664062 
47554.656250 
47690.679688 
46502.421875 
46896.812500 
47661.902344 
46983.738281 
47163.539062 
46674.351562 
46426.324219 
47265.824219 
47015.523438 
46907.464844 
46898.550781 
46724.601562 
46757.941406 
47230.757812 
47786.351562 
47328.222656 
47203.171875 
47356.789062 
47604.753906 
48389.492188 
48102.152344 
48202.910156 
47456.132812 
46540.687500 
47338.414062 
48177.515625 
47531.320312 
47186.343750 
46740.843750 
46570.093750 
46343.835938 
47369.453125 
47227.500000 
48380.519531 
48014.042969 
47210.621094 
46958.582031 
46076.476562 
46116.000000 
45819.984375 
45816.085938 
46929.367188 
48779.886719 
48313.007812 
47530.242188 
46436.441406 
46556.781250 
47306.007812 
47652.851562 
46506.628906 
47143.375000 
47590.273438 
47486.593750 
47575.664062 
47058.148438 
46850.929688 
46608.355469 
46673.488281 
47171.695312 
47261.128906 
46952.312500 
46638.101562 
47142.789062 
47126.820312 
47694.101562 
46440.171875 
46772.562500 
47321.375000 
47372.898438 
47616.937500 
46889.386719 
47107.097656 
47183.121094 
47279.816406 
47319.597656 
47958.656250 
47292.906250 
47336.640625 
47842.480469 
48253.125000 
47919.199219 
47258.242188 
46887.683594 
47115.894531 
46568.515625 
46516.992188 
46354.148438 
46110.820312 
45952.726562 
46751.234375 
47175.976562 
47084.757812 
46436.558594 
46006.871094 
46601.656250 
47275.308594 
47735.453125 
47041.398438 
47302.914062 
47119.882812 
46685.246094 
47366.355469 
47293.679688 
47478.437500 
47513.750000 
47475.851562 
47087.308594 
47321.230469 
47249.742188 
47140.007812 
46253.742188 
46520.484375 
47043.609375 
47249.851562 
47056.187500 
47007.218750 
46683.218750 
45990.421875 
46189.062500 
45784.085938 
46097.800781 
47035.984375 
47038.214844 
47036.882812 
46791.085938 
47045.285156 
46707.210938 
46409.300781 
46735.371094 
47790.976562 
47330.996094 
46701.843750 
46406.433594 
46578.265625 
46967.312500 
47414.582031 
47355.000000 
47797.343750 
47788.000000 
47752.519531 
47254.187500 
47051.648438 
47386.277344 
47375.406250 
46564.535156 
46176.093750 
46679.574219 
47068.589844 
46914.132812 
47338.574219 
47228.199219 
46708.148438 
46399.074219 
46800.265625 
47253.167969 
46795.687500 
47571.371094 
46878.957031 
46963.531250 
46755.175781 
46976.953125 
47311.410156 
47510.398438 
47305.156250 
47281.007812 
46867.714844 
46499.664062 
46436.019531 
45928.839844 
46300.343750 
47062.218750 
47628.769531 
48134.726562 
47753.656250 
47492.679688 
47148.785156 
47041.429688 
47151.117188 
47648.289062 
47606.402344 
46979.242188 
46834.332031 
46569.253906 
47000.906250 
46816.371094 
47346.273438 
47018.785156 
47739.222656 
47909.988281 
47978.023438 
47810.539062 
47593.933594 
48038.519531 
47331.226562 
47785.382812 
47844.019531 
47878.570312 
48092.710938 
47992.785156 
46959.328125 
47114.578125 
46642.492188 
47287.382812 
47020.085938 
47507.566406 
47840.378906 
46385.539062 
46646.808594 
47658.421875 
47421.222656 
47405.449219 
47295.097656 
46651.703125 
46416.796875 
46718.910156 
47409.085938 
47106.171875 
46111.781250 
46278.195312 
46783.625000 
47224.218750 
46874.906250 
46501.921875 
46659.761719 
46508.343750 
46185.921875 
46566.273438 
46541.460938 
47085.281250 
47493.886719 
46861.105469 
47221.652344 
46285.199219 
46312.691406 
46699.882812 
47025.312500 
47234.695312 
46263.953125 
46749.152344 
46834.476562 
46456.152344 
46193.125000 
47061.863281 
48271.578125 
47646.296875 
47104.824219 
46537.890625 
46614.054688 
46451.718750 
46599.761719 
46389.265625 
47399.449219 
47922.554688 
47581.042969 
46824.039062 
46861.750000 
46254.312500 
46114.714844 
46302.843750 
46761.539062 
47971.367188 
47869.656250 
47560.703125 
47080.582031 
48444.195312 
48547.523438 
48780.281250 
48168.343750 
47757.390625 
47124.421875 
47191.312500 
47044.664062 
47272.269531 
46800.992188 
46895.093750 
46763.585938 
47689.914062 
48332.496094 
48197.957031 
46487.707031 
46615.070312 
46843.457031 
47164.601562 
46599.437500 
47641.753906 
46735.960938 
46637.273438 
46867.175781 
46419.230469 
46427.109375 
46882.421875 
47485.695312 
47289.929688 
47138.835938 
46591.730469 
47140.671875 
47110.890625 
46946.062500 
47024.398438 
47362.203125 
47702.226562 
47266.078125 
47611.679688 
47308.812500 
47056.250000 
47743.312500 
47767.402344 
47219.921875 
47172.347656 
46907.601562 
47089.695312 
47027.968750 
47403.062500 
47500.984375 
47308.445312 
46960.183594 
46809.968750 
46670.703125 
47191.539062 
47565.980469 
47733.632812 
46986.800781 
46668.703125 
46297.414062 
47692.542969 
47746.351562 
48359.617188 
48274.855469 
47636.441406 
47139.335938 
47744.433594 
48666.382812 
48268.683594 
47403.085938 
47166.914062 
47186.347656 
47371.632812 
47298.753906 
46961.265625 
46678.296875 
46292.546875 
46205.054688 
46242.574219 
45953.667969 
46139.253906 
46240.683594 
46432.226562 
47291.812500 
48109.992188 
47284.250000 
46698.792969 
46634.078125 
46117.621094 
47024.476562 
46847.097656 
47059.812500 
46811.011719 
46506.703125 
46968.308594 
46859.328125 
47165.695312 
46894.570312 
46582.125000 
46429.625000 
46263.515625 
46830.296875 
46962.500000 
47588.710938 
47195.371094 
47123.289062 
46701.875000 
46871.843750 
46448.898438 
46864.406250 
47031.472656 
47426.460938 
47085.363281 
46756.078125 
46895.437500 
46387.273438 
47128.605469 
46905.503906 
46332.074219 
46509.945312 
46722.796875 
46174.835938 
46750.949219 
46903.093750 
46203.128906 
46242.253906 
45862.281250 
46231.757812 
46477.500000 
46457.664062 
46918.882812 
46094.750000 
45150.195312 
45503.000000 
45319.410156 
45488.820312 
46781.804688 
47720.257812 
47227.980469 
46882.804688 
46392.367188 
47010.941406 
47969.335938 
47492.257812 
47185.960938 
46913.695312 
46693.421875 
46771.679688 
46881.953125 
46920.761719 
46718.453125 
46223.593750 
46536.855469 
46762.699219 
47169.589844 
47198.738281 
46862.824219 
46606.039062 
46475.484375 
45732.562500 
45824.265625 
45899.093750 
46160.804688 
45699.449219 
46459.949219 
46001.847656 
46332.664062 
46479.312500 
46305.917969 
46828.750000 
46566.609375 
46655.265625 
47015.656250 
46700.304688 
46810.593750 
47027.617188 
46741.375000 
46514.175781 
46506.574219 
46728.316406 
47104.734375 
46798.246094 
46553.519531 
46863.437500 
46394.472656 
46753.929688 
47124.015625 
47165.078125 
46713.097656 
46734.847656 
47397.222656 
46598.437500 
46536.261719 
46215.335938 
46188.304688 
46107.109375 
46837.988281 
47731.707031 
47577.820312 
47308.378906 
47385.195312 
47575.359375 
46966.351562 
46838.835938 
46029.085938 
46806.648438 
47444.164062 
47556.460938 
47403.023438 
47077.609375 
46423.820312 
46236.398438 
46318.257812 
46256.328125 
46434.085938 
46804.832031 
46487.019531 
45789.570312 
46308.429688 
46335.523438 
46279.933594 
46786.464844 
46712.179688 
47087.574219 
46648.718750 
46696.843750 
45867.074219 
46367.605469 
45758.375000 
46420.562500 
46207.718750 
46005.125000 
46015.085938 
45852.804688 
46127.230469 
46298.531250 
46247.367188 
46779.625000 
47050.265625 
47356.460938 
46894.230469 
47177.753906 
47240.195312 
46876.085938 
46174.453125 
45988.937500 
47125.292969 
46704.085938 
47472.171875 
46250.652344 
46246.101562 
45816.796875 
45504.148438 
45484.179688 
46450.929688 
46566.507812 
47029.910156 
47077.750000 
48243.687500 
48527.582031 
48310.023438 
47323.328125 
47207.128906 
47389.890625 
47040.761719 
46721.289062 
46940.300781 
46963.300781 
47012.570312 
47194.539062 
47392.460938 
48165.562500 
46871.703125 
46152.070312 
45823.445312 
46407.898438 
46301.132812 
45849.789062 
46419.800781 
45858.117188 
46235.093750 
45457.082031 
45886.300781 
45564.492188 
44918.718750 
44930.007812 
45179.710938 
45629.238281 
45828.328125 
45666.289062 
46488.617188 
46711.539062 
45905.253906 
46572.683594 
46124.886719 
45861.019531 
46248.882812 
46151.863281 
46847.308594 
46816.699219 
46414.699219 
46185.207031 
46135.414062 
46120.867188 
46756.023438 
46024.617188 
46185.480469 
46575.367188 
47089.218750 
46979.445312 
47506.066406 
47419.332031 
47761.472656 
47382.941406 
47405.906250 
46614.792969 
45588.960938 
45925.027344 
45501.734375 
46559.863281 
47141.957031 
47089.843750 
46940.000000 
46523.910156 
46473.933594 
46180.742188 
46590.460938 
46096.617188 
45990.898438 
46457.773438 
46187.859375 
45689.808594 
45902.863281 
46110.574219 
45796.468750 
46520.609375 
46410.710938 
46175.976562 
46837.531250 
47559.027344 
47521.710938 
47824.292969 
46637.882812 
46485.449219 
46777.132812 
46623.687500 
46497.515625 
46693.230469 
47058.378906 
47210.031250 
46973.742188 
47119.406250 
47317.843750 
47673.867188 
47709.910156 
46730.316406 
45835.226562 
46738.042969 
46514.574219 
46276.101562 
46697.476562 
47444.781250 
47389.296875 
46847.773438 
46683.406250 
46455.585938 
46581.167969 
46960.101562 
47111.191406 
46665.031250 
46852.929688 
46177.191406 
45924.109375 
45734.832031 
46174.226562 
45691.460938 
46261.937500 
46008.062500 
46160.722656 
46901.570312 
47609.140625 
46919.976562 
46230.078125 
46638.437500 
46264.914062 
46271.753906 
46734.984375 
47418.101562 
48491.253906 
46851.476562 
47483.859375 
47108.140625 
46422.238281 
47164.066406 
47406.117188 
47566.187500 
47741.378906 
47349.093750 
46830.101562 
46603.046875 
47158.515625 
46859.218750 
46987.632812 
47638.515625 
47010.589844 
48402.136719 
47970.613281 
46446.851562 
46433.804688 
46947.945312 
46321.597656 
46169.820312 
46482.800781 
46428.328125 
46994.187500 
47601.679688 
46795.531250 
46757.765625 
46847.703125 
46831.265625 
47281.492188 
46845.882812 
46959.390625 
46524.914062 
46987.000000 
47121.617188 
46819.722656 
46035.785156 
45824.355469 
45833.488281 
46007.593750 
46516.816406 
46903.390625 
47531.121094 
47255.519531 
46452.945312 
46058.539062 
45795.351562 
46897.687500 
46868.000000 
46213.105469 
45806.289062 
45707.152344 
45820.085938 
46805.539062 
46725.468750 
46456.433594 
46719.734375 
46651.117188 
46700.296875 
46281.320312 
46407.695312 
47082.375000 
47098.617188 
46812.992188 
46972.261719 
47474.187500 
46894.617188 
45992.921875 
46152.890625 
46478.093750 
